0.000000            0.000000            200.000000          
0.089744            0.000000            200.000000          
0.179487            0.000000            200.000000          
0.269231            0.000000            200.000000          
0.358974            0.000000            200.000000          
0.448718            0.000000            200.000000          
0.538462            0.000000            200.000000          
0.628205            0.000000            200.000000          
0.717949            0.000000            200.000000          
0.807692            0.000000            200.000000          
0.897436            0.000000            200.000000          
0.987179            0.000000            200.000000          
1.076923            0.000000            200.000000          
1.166667            0.000000            200.000000          
1.256410            0.000000            200.000000          
1.346154            0.000000            200.000000          
1.435897            0.000000            200.000000          
1.525641            0.000000            200.000000          
1.615385            0.000000            200.000000          
1.705128            0.000000            200.000000          
1.794872            0.000000            200.000000          
1.884615            0.000000            200.000000          
1.974359            0.000000            200.000000          
2.064103            0.000000            200.000000          
2.153846            0.000000            200.000000          
2.243590            0.000000            200.000000          
2.333333            0.000000            200.000000          
2.423077            0.000000            200.000000          
2.512821            0.000000            200.000000          
2.602564            0.000000            200.000000          
2.692308            0.000000            200.000000          
2.782051            0.000000            200.000000          
2.871795            0.000000            200.000000          
2.961538            0.000000            200.000000          
3.051282            0.000000            200.000000          
3.141026            0.000000            200.000000          
3.230769            0.000000            200.000000          
3.320513            0.000000            200.000000          
3.410256            0.000000            200.000000          
3.500000            0.000000            0.000000            
0.000000            0.089744            200.000000          
0.089744            0.089744            199.700699          
0.179487            0.089744            199.400916          
0.269231            0.089744            199.100155          
0.358974            0.089744            198.797891          
0.448718            0.089744            198.493557          
0.538462            0.089744            198.186527          
0.628205            0.089744            197.876097          
0.717949            0.089744            197.561473          
0.807692            0.089744            197.241745          
0.897436            0.089744            196.915865          
0.987179            0.089744            196.582624          
1.076923            0.089744            196.240616          
1.166667            0.089744            195.888203          
1.256410            0.089744            195.523471          
1.346154            0.089744            195.144171          
1.435897            0.089744            194.747656          
1.525641            0.089744            194.330784          
1.615385            0.089744            193.889814          
1.705128            0.089744            193.420260          
1.794872            0.089744            192.916696          
1.884615            0.089744            192.372504          
1.974359            0.089744            191.779537          
2.064103            0.089744            191.127640          
2.153846            0.089744            190.403997          
2.243590            0.089744            189.592193          
2.333333            0.089744            188.670851          
2.423077            0.089744            187.611588          
2.512821            0.089744            186.375881          
2.602564            0.089744            184.910092          
2.692308            0.089744            183.137265          
2.782051            0.089744            180.943001          
2.871795            0.089744            178.149928          
2.961538            0.089744            174.468799          
3.051282            0.089744            169.398713          
3.141026            0.089744            162.008854          
3.230769            0.089744            150.425073          
3.320513            0.089744            130.531341          
3.410256            0.089744            92.451338           
3.500000            0.089744            0.000000            
0.000000            0.179487            200.000000          
0.089744            0.179487            199.402123          
0.179487            0.179487            198.803304          
0.269231            0.179487            198.202571          
0.358974            0.179487            197.598898          
0.448718            0.179487            196.991172          
0.538462            0.179487            196.378166          
0.628205            0.179487            195.758503          
0.717949            0.179487            195.130622          
0.807692            0.179487            194.492738          
0.897436            0.179487            193.842797          
0.987179            0.179487            193.178425          
1.076923            0.179487            192.496867          
1.166667            0.179487            191.794916          
1.256410            0.179487            191.068826          
1.346154            0.179487            190.314206          
1.435897            0.179487            189.525888          
1.525641            0.179487            188.697760          
1.615385            0.179487            187.822560          
1.705128            0.179487            186.891597          
1.794872            0.179487            185.894402          
1.884615            0.179487            184.818258          
1.974359            0.179487            183.647574          
2.064103            0.179487            182.363030          
2.153846            0.179487            180.940406          
2.243590            0.179487            179.348928          
2.333333            0.179487            177.548912          
2.423077            0.179487            175.488317          
2.512821            0.179487            173.097607          
2.602564            0.179487            170.281893          
2.692308            0.179487            166.908606          
2.782051            0.179487            162.787622          
2.871795            0.179487            157.638383          
2.961538            0.179487            151.034138          
3.051282            0.179487            142.305911          
3.141026            0.179487            130.377297          
3.230769            0.179487            113.492177          
3.320513            0.179487            88.832681           
3.410256            0.179487            52.303949           
3.500000            0.179487            0.000000            
0.000000            0.269231            200.000000          
0.089744            0.269231            199.104967          
0.179487            0.269231            198.208572          
0.269231            0.269231            197.309412          
0.358974            0.269231            196.406002          
0.448718            0.269231            195.496730          
0.538462            0.269231            194.579819          
0.628205            0.269231            193.653268          
0.717949            0.269231            192.714813          
0.807692            0.269231            191.761858          
0.897436            0.269231            190.791422          
0.987179            0.269231            189.800057          
1.076923            0.269231            188.783765          
1.166667            0.269231            187.737900          
1.256410            0.269231            186.657045          
1.346154            0.269231            185.534863          
1.435897            0.269231            184.363915          
1.525641            0.269231            183.135438          
1.615385            0.269231            181.839051          
1.705128            0.269231            180.462398          
1.794872            0.269231            178.990667          
1.884615            0.269231            177.405985          
1.974359            0.269231            175.686596          
2.064103            0.269231            173.805787          
2.153846            0.269231            171.730411          
2.243590            0.269231            169.418888          
2.333333            0.269231            166.818411          
2.423077            0.269231            163.861022          
2.512821            0.269231            160.458012          
2.602564            0.269231            156.491827          
2.692308            0.269231            151.804253          
2.782051            0.269231            146.179073          
2.871795            0.269231            139.316688          
2.961538            0.269231            130.797773          
3.051282            0.269231            120.034182          
3.141026            0.269231            106.212285          
3.230769            0.269231            88.258041           
3.320513            0.269231            64.922200           
3.410256            0.269231            35.250779           
3.500000            0.269231            0.000000            
0.000000            0.358974            200.000000          
0.089744            0.358974            198.809861          
0.179487            0.358974            197.618002          
0.269231            0.358974            196.422650          
0.358974            0.358974            195.221925          
0.448718            0.358974            194.013786          
0.538462            0.358974            192.795972          
0.628205            0.358974            191.565941          
0.717949            0.358974            190.320808          
0.807692            0.358974            189.057265          
0.897436            0.358974            187.771512          
0.987179            0.358974            186.459154          
1.076923            0.358974            185.115106          
1.166667            0.358974            183.733463          
1.256410            0.358974            182.307356          
1.346154            0.358974            180.828776          
1.435897            0.358974            179.288357          
1.525641            0.358974            177.675111          
1.615385            0.358974            175.976091          
1.705128            0.358974            174.175980          
1.794872            0.358974            172.256551          
1.884615            0.358974            170.195992          
1.974359            0.358974            167.968017          
2.064103            0.358974            165.540717          
2.153846            0.358974            162.875044          
2.243590            0.358974            159.922802          
2.333333            0.358974            156.623967          
2.423077            0.358974            152.903090          
2.512821            0.358974            148.664463          
2.602564            0.358974            143.785644          
2.692308            0.358974            138.108870          
2.782051            0.358974            131.429978          
2.871795            0.358974            123.484903          
2.961538            0.358974            113.935214          
3.051282            0.358974            102.357690          
3.141026            0.358974            88.250842           
3.230769            0.358974            71.086884           
3.320513            0.358974            50.462834           
3.410256            0.358974            26.426374           
3.500000            0.358974            0.000000            
0.000000            0.448718            200.000000          
0.089744            0.448718            198.517345          
0.179487            0.448718            197.032691          
0.269231            0.448718            195.543976          
0.358974            0.448718            194.049008          
0.448718            0.448718            192.545401          
0.538462            0.448718            191.030505          
0.628205            0.448718            189.501334          
0.717949            0.448718            187.954489          
0.807692            0.448718            186.386072          
0.897436            0.448718            184.791599          
0.987179            0.448718            183.165889          
1.076923            0.448718            181.502949          
1.166667            0.448718            179.795839          
1.256410            0.448718            178.036505          
1.346154            0.448718            176.215588          
1.435897            0.448718            174.322195          
1.525641            0.448718            172.343611          
1.615385            0.448718            170.264953          
1.705128            0.448718            168.068743          
1.794872            0.448718            165.734364          
1.884615            0.448718            163.237391          
1.974359            0.448718            160.548736          
2.064103            0.448718            157.633576          
2.153846            0.448718            154.449977          
2.243590            0.448718            150.947158          
2.333333            0.448718            147.063281          
2.423077            0.448718            142.722666          
2.512821            0.448718            137.832340          
2.602564            0.448718            132.277860          
2.692308            0.448718            125.918528          
2.782051            0.448718            118.582447          
2.871795            0.448718            110.062627          
2.961538            0.448718            100.116775          
3.051282            0.448718            88.475954           
3.141026            0.448718            74.871241           
3.230769            0.448718            59.092239           
3.320513            0.448718            41.092917           
3.410256            0.448718            21.146799           
3.500000            0.448718            0.000000            
0.000000            0.538462            200.000000          
0.089744            0.538462            198.227838          
0.179487            0.538462            196.453495          
0.269231            0.538462            194.674715          
0.358974            0.538462            192.889095          
0.448718            0.538462            191.094007          
0.538462            0.538462            189.286520          
0.628205            0.538462            187.463319          
0.717949            0.538462            185.620617          
0.807692            0.538462            183.754066          
0.897436            0.538462            181.858653          
0.987179            0.538462            179.928589          
1.076923            0.538462            177.957182          
1.166667            0.538462            175.936696          
1.256410            0.538462            173.858183          
1.346154            0.538462            171.711283          
1.435897            0.538462            169.484000          
1.525641            0.538462            167.162417          
1.615385            0.538462            164.730360          
1.705128            0.538462            162.168996          
1.794872            0.538462            159.456330          
1.884615            0.538462            156.566603          
1.974359            0.538462            153.469546          
2.064103            0.538462            150.129475          
2.153846            0.538462            146.504186          
2.243590            0.538462            142.543628          
2.333333            0.538462            138.188325          
2.423077            0.538462            133.367554          
2.512821            0.538462            127.997329          
2.602564            0.538462            121.978378          
2.692308            0.538462            115.194442          
2.782051            0.538462            107.511652          
2.871795            0.538462            98.780252           
2.961538            0.538462            88.840826           
3.051282            0.538462            77.538319           
3.141026            0.538462            64.748146           
3.230769            0.538462            50.418507           
3.320513            0.538462            34.629125           
3.410256            0.538462            17.654860           
3.500000            0.538462            0.000000            
0.000000            0.628205            200.000000          
0.089744            0.628205            197.941617          
0.179487            0.628205            195.880981          
0.269231            0.628205            193.815756          
0.358974            0.628205            191.743440          
0.448718            0.628205            189.661280          
0.538462            0.628205            187.566187          
0.628205            0.628205            185.454647          
0.717949            0.628205            183.322625          
0.807692            0.628205            181.165473          
0.897436            0.628205            178.977816          
0.987179            0.628205            176.753446          
1.076923            0.628205            174.485188          
1.166667            0.628205            172.164763          
1.256410            0.628205            169.782618          
1.346154            0.628205            167.327746          
1.435897            0.628205            164.787463          
1.525641            0.628205            162.147153          
1.615385            0.628205            159.389966          
1.705128            0.628205            156.496457          
1.794872            0.628205            153.444168          
1.884615            0.628205            150.207117          
1.974359            0.628205            146.755215          
2.064103            0.628205            143.053574          
2.153846            0.628205            139.061715          
2.243590            0.628205            134.732683          
2.333333            0.628205            130.012097          
2.423077            0.628205            124.837197          
2.512821            0.628205            119.136031          
2.602564            0.628205            112.827003          
2.692308            0.628205            105.819205          
2.782051            0.628205            98.014146           
2.871795            0.628205            89.309856           
2.961538            0.628205            79.608639           
3.051282            0.628205            68.830043           
3.141026            0.628205            56.930345           
3.230769            0.628205            43.928583           
3.320513            0.628205            29.935841           
3.410256            0.628205            15.178604           
3.500000            0.628205            0.000000            
0.000000            0.717949            200.000000          
0.089744            0.717949            197.658792          
0.179487            0.717949            195.315383          
0.269231            0.717949            192.967481          
0.358974            0.717949            190.612612          
0.448718            0.717949            188.248030          
0.538462            0.717949            185.870618          
0.628205            0.717949            183.476804          
0.717949            0.717949            181.062452          
0.807692            0.717949            178.622769          
0.897436            0.717949            176.152197          
0.987179            0.717949            173.644295          
1.076923            0.717949            171.091621          
1.166667            0.717949            168.485594          
1.256410            0.717949            165.816344          
1.346154            0.717949            163.072538          
1.435897            0.717949            160.241192          
1.525641            0.717949            157.307446          
1.615385            0.717949            154.254308          
1.705128            0.717949            151.062362          
1.794872            0.717949            147.709435          
1.884615            0.717949            144.170215          
1.974359            0.717949            140.415823          
2.064103            0.717949            136.413354          
2.153846            0.717949            132.125381          
2.243590            0.717949            127.509471          
2.333333            0.717949            122.517758          
2.423077            0.717949            117.096667          
2.512821            0.717949            111.186931          
2.602564            0.717949            104.724131          
2.692308            0.717949            97.640071           
2.782051            0.717949            89.865456           
2.871795            0.717949            81.334415           
2.961538            0.717949            71.991491           
3.051282            0.717949            61.801598           
3.141026            0.717949            50.762930           
3.230769            0.717949            38.921716           
3.320513            0.717949            26.385848           
3.410256            0.717949            13.332084           
3.500000            0.717949            0.000000            
0.000000            0.807692            200.000000          
0.089744            0.807692            197.379286          
0.179487            0.807692            194.756559          
0.269231            0.807692            192.129709          
0.358974            0.807692            189.496426          
0.448718            0.807692            186.854108          
0.538462            0.807692            184.199758          
0.628205            0.807692            181.529885          
0.717949            0.807692            178.840409          
0.807692            0.807692            176.126551          
0.897436            0.807692            173.382736          
0.987179            0.807692            170.602480          
1.076923            0.807692            167.778275          
1.166667            0.807692            164.901467          
1.256410            0.807692            161.962120          
1.346154            0.807692            158.948870          
1.435897            0.807692            155.848765          
1.525641            0.807692            152.647082          
1.615385            0.807692            149.327128          
1.705128            0.807692            145.870018          
1.794872            0.807692            142.254436          
1.884615            0.807692            138.456375          
1.974359            0.807692            134.448866          
2.064103            0.807692            130.201720          
2.153846            0.807692            125.681290          
2.243590            0.807692            120.850301          
2.333333            0.807692            115.667817          
2.423077            0.807692            110.089411          
2.512821            0.807692            104.067687          
2.602564            0.807692            97.553313           
2.692308            0.807692            90.496787           
2.782051            0.807692            82.851204           
2.871795            0.807692            74.576284           
2.961538            0.807692            65.643881           
3.051282            0.807692            56.044947           
3.141026            0.807692            45.797547           
3.230769            0.807692            34.954812           
3.320513            0.807692            23.610853           
3.410256            0.807692            11.901906           
3.500000            0.807692            0.000000            
0.000000            0.897436            200.000000          
0.089744            0.897436            197.102819          
0.179487            0.897436            194.203961          
0.269231            0.897436            191.301643          
0.358974            0.897436            188.393870          
0.448718            0.897436            185.478331          
0.538462            0.897436            182.552294          
0.628205            0.897436            179.612504          
0.717949            0.897436            176.655085          
0.807692            0.897436            173.675431          
0.897436            0.897436            170.668116          
0.987179            0.897436            167.626782          
1.076923            0.897436            164.544042          
1.166667            0.897436            161.411369          
1.256410            0.897436            158.218982          
1.346154            0.897436            154.955730          
1.435897            0.897436            151.608962          
1.525641            0.897436            148.164393          
1.615385            0.897436            144.605959          
1.705128            0.897436            140.915669          
1.794872            0.897436            137.073451          
1.884615            0.897436            133.057005          
1.974359            0.897436            128.841669          
2.064103            0.897436            124.400319          
2.153846            0.897436            119.703337          
2.243590            0.897436            114.718666          
2.333333            0.897436            109.412026          
2.423077            0.897436            103.747357          
2.512821            0.897436            97.687580           
2.602564            0.897436            91.195792           
2.692308            0.897436            84.237027           
2.782051            0.897436            76.780714           
2.871795            0.897436            68.803915           
2.961538            0.897436            60.295350           
3.051282            0.897436            51.260024           
3.141026            0.897436            41.724004           
3.230769            0.897436            31.738533           
3.320513            0.897436            21.382302           
3.410256            0.897436            10.760558           
3.500000            0.897436            0.000000            
0.000000            0.987179            200.000000          
0.089744            0.987179            196.828888          
0.179487            0.987179            193.656594          
0.269231            0.987179            190.481822          
0.358974            0.987179            187.303046          
0.448718            0.987179            184.118403          
0.538462            0.987179            180.925580          
0.628205            0.987179            177.721710          
0.717949            0.987179            174.503270          
0.807692            0.987179            171.265981          
0.897436            0.987179            168.004715          
0.987179            0.987179            164.713401          
1.076923            0.987179            161.384931          
1.166667            0.987179            158.011075          
1.256410            0.987179            154.582389          
1.346154            0.987179            151.088121          
1.435897            0.987179            147.516128          
1.525641            0.987179            143.852776          
1.615385            0.987179            140.082857          
1.705128            0.987179            136.189501          
1.794872            0.987179            132.154103          
1.884615            0.987179            127.956267          
1.974359            0.987179            123.573784          
2.064103            0.987179            118.982655          
2.153846            0.987179            114.157194          
2.243590            0.987179            109.070238          
2.333333            0.987179            103.693500          
2.423077            0.987179            97.998144           
2.512821            0.987179            91.955606           
2.602564            0.987179            85.538764           
2.692308            0.987179            78.723506           
2.782051            0.987179            71.490735           
2.871795            0.987179            63.828824           
2.961538            0.987179            55.736432           
3.051282            0.987179            47.225473           
3.141026            0.987179            38.323886           
3.230769            0.987179            29.077652           
3.320513            0.987179            19.551417           
3.410256            0.987179            9.827084            
3.500000            0.987179            0.000000            
0.000000            1.076923            200.000000          
0.089744            1.076923            196.556753          
0.179487            1.076923            193.112990          
0.269231            1.076923            189.668073          
0.358974            1.076923            186.221113          
0.448718            1.076923            182.770856          
0.538462            1.076923            179.315568          
0.628205            1.076923            175.852922          
0.717949            1.076923            172.379897          
0.807692            1.076923            168.892684          
0.897436            1.076923            165.386592          
0.987179            1.076923            161.855971          
1.076923            1.076923            158.294132          
1.166667            1.076923            154.693274          
1.256410            1.076923            151.044425          
1.346154            1.076923            147.337371          
1.435897            1.076923            143.560610          
1.525641            1.076923            139.701296          
1.615385            1.076923            135.745201          
1.705128            1.076923            131.676689          
1.794872            1.076923            127.478705          
1.884615            1.076923            123.132792          
1.974359            1.076923            118.619154          
2.064103            1.076923            113.916763          
2.153846            1.076923            109.003554          
2.243590            1.076923            103.856713          
2.333333            1.076923            98.453103           
2.423077            1.076923            92.769858           
2.512821            1.076923            86.785181           
2.602564            1.076923            80.479384           
2.692308            1.076923            73.836190           
2.782051            1.076923            66.844302           
2.871795            1.076923            59.499187           
2.961538            1.076923            51.804994           
3.051282            1.076923            43.776419           
3.141026            1.076923            35.440256           
3.230769            1.076923            26.836311           
3.320513            1.076923            18.017315           
3.410256            1.076923            9.047537            
3.500000            1.076923            0.000000            
0.000000            1.166667            200.000000          
0.089744            1.166667            196.285415          
0.179487            1.166667            192.571168          
0.269231            1.166667            188.857459          
0.358974            1.166667            185.144219          
0.448718            1.166667            181.430975          
0.538462            1.166667            177.716733          
0.628205            1.166667            173.999862          
0.717949            1.166667            170.277987          
0.807692            1.166667            166.547901          
0.897436            1.166667            162.805477          
0.987179            1.166667            159.045600          
1.076923            1.166667            155.262104          
1.166667            1.166667            151.447720          
1.256410            1.166667            147.594036          
1.346154            1.166667            143.691461          
1.435897            1.166667            139.729208          
1.525641            1.166667            135.695278          
1.615385            1.166667            131.576467          
1.705128            1.166667            127.358383          
1.794872            1.166667            123.025494          
1.884615            1.166667            118.561195          
1.974359            1.166667            113.947932          
2.064103            1.166667            109.167365          
2.153846            1.166667            104.200609          
2.243590            1.166667            99.028564           
2.333333            1.166667            93.632348           
2.423077            1.166667            87.993867           
2.512821            1.166667            82.096531           
2.602564            1.166667            75.926132           
2.692308            1.166667            69.471882           
2.782051            1.166667            62.727601           
2.871795            1.166667            55.692985           
2.961538            1.166667            48.374886           
3.051282            1.166667            40.788456           
3.141026            1.166667            32.957991           
3.230769            1.166667            24.917263           
3.320513            1.166667            16.709163           
3.410256            1.166667            8.384507            
3.500000            1.166667            0.000000            
0.000000            1.256410            200.000000          
0.089744            1.256410            196.013596          
0.179487            1.256410            192.028589          
0.269231            1.256410            188.046220          
0.358974            1.256410            184.067430          
0.448718            1.256410            180.092715          
0.538462            1.256410            176.121990          
0.628205            1.256410            172.154475          
0.717949            1.256410            168.188583          
0.807692            1.256410            164.221832          
0.897436            1.256410            160.250766          
0.987179            1.256410            156.270899          
1.076923            1.256410            152.276664          
1.166667            1.256410            148.261385          
1.256410            1.256410            144.217260          
1.346154            1.256410            140.135356          
1.435897            1.256410            136.005614          
1.525641            1.256410            131.816880          
1.615385            1.256410            127.556941          
1.705128            1.256410            123.212587          
1.794872            1.256410            118.769693          
1.884615            1.256410            114.213335          
1.974359            1.256410            109.527946          
2.064103            1.256410            104.697513          
2.153846            1.256410            99.705842           
2.243590            1.256410            94.536889           
2.333333            1.256410            89.175176           
2.423077            1.256410            83.606307           
2.512821            1.256410            77.817582           
2.602564            1.256410            71.798709           
2.692308            1.256410            65.542622           
2.782051            1.256410            59.046348           
2.871795            1.256410            52.311901           
2.961538            1.256410            45.347123           
3.051282            1.256410            38.166367           
3.141026            1.256410            30.790931           
3.230769            1.256410            23.249100           
3.320513            1.256410            15.575712           
3.410256            1.256410            7.811181            
3.500000            1.256410            0.000000            
0.000000            1.346154            200.000000          
0.089744            1.346154            195.739711          
0.179487            1.346154            191.482105          
0.269231            1.346154            187.229692          
0.358974            1.346154            182.984636          
0.448718            1.346154            178.748598          
0.538462            1.346154            174.522587          
0.628205            1.346154            170.306830          
0.717949            1.346154            166.100666          
0.807692            1.346154            161.902451          
0.897436            1.346154            157.709493          
0.987179            1.346154            153.517999          
1.076923            1.346154            149.323052          
1.166667            1.346154            145.118595          
1.256410            1.346154            140.897442          
1.346154            1.346154            136.651300          
1.435897            1.346154            132.370808          
1.525641            1.346154            128.045593          
1.615385            1.346154            123.664344          
1.705128            1.346154            119.214904          
1.794872            1.346154            114.684385          
1.884615            1.346154            110.059313          
1.974359            1.346154            105.325805          
2.064103            1.346154            100.469783          
2.153846            1.346154            95.477244           
2.243590            1.346154            90.334572           
2.333333            1.346154            85.028929           
2.423077            1.346154            79.548692           
2.512821            1.346154            73.883972           
2.602564            1.346154            68.027188           
2.692308            1.346154            61.973679           
2.782051            1.346154            55.722347           
2.871795            1.346154            49.276270           
2.961538            1.346154            42.643248           
3.051282            1.346154            35.836199           
3.141026            1.346154            28.873357           
3.230769            1.346154            21.778173           
3.320513            1.346154            14.578897           
3.410256            1.346154            7.307787            
3.500000            1.346154            0.000000            
0.000000            1.435897            200.000000          
0.089744            1.435897            195.461828          
0.179487            1.435897            190.927889          
0.269231            1.435897            186.402212          
0.358974            1.435897            181.888428          
0.448718            1.435897            177.389579          
0.538462            1.435897            172.907962          
0.628205            1.435897            168.444980          
0.717949            1.435897            164.001030          
0.807692            1.435897            159.575411          
0.897436            1.435897            155.166264          
0.987179            1.435897            150.770538          
1.076923            1.435897            146.383976          
1.166667            1.435897            142.001133          
1.256410            1.435897            137.615401          
1.346154            1.435897            133.219070          
1.435897            1.435897            128.803392          
1.525641            1.435897            124.358666          
1.615385            1.435897            119.874343          
1.705128            1.435897            115.339146          
1.794872            1.435897            110.741208          
1.884615            1.435897            106.068240          
1.974359            1.435897            101.307716          
2.064103            1.435897            96.447097           
2.153846            1.435897            91.474090           
2.243590            1.435897            86.376939           
2.333333            1.435897            81.144770           
2.423077            1.435897            75.767968           
2.512821            1.435897            70.238597           
2.602564            1.435897            64.550855           
2.692308            1.435897            58.701537           
2.782051            1.435897            52.690495           
2.871795            1.435897            46.521059           
2.961538            1.435897            40.200386           
3.051282            1.435897            33.739678           
3.141026            1.435897            27.154241           
3.230769            1.435897            20.463335           
3.320513            1.435897            13.689791           
3.410256            1.435897            6.859386            
3.500000            1.435897            0.000000            
0.000000            1.525641            200.000000          
0.089744            1.525641            195.177625          
0.179487            1.525641            190.361338          
0.269231            1.525641            185.556984          
0.358974            1.525641            180.769931          
0.448718            1.525641            176.004856          
0.538462            1.525641            171.265553          
0.628205            1.525641            166.554775          
0.717949            1.525641            161.874110          
0.807692            1.525641            157.223894          
0.897436            1.525641            152.603155          
0.987179            1.525641            148.009596          
1.076923            1.525641            143.439604          
1.166667            1.525641            138.888292          
1.256410            1.525641            134.349559          
1.346154            1.525641            129.816169          
1.435897            1.525641            125.279859          
1.525641            1.525641            120.731447          
1.615385            1.525641            116.160966          
1.705128            1.525641            111.557807          
1.794872            1.525641            106.910881          
1.884615            1.525641            102.208796          
1.974359            1.525641            97.440052           
2.064103            1.525641            92.593263           
2.153846            1.525641            87.657402           
2.243590            1.525641            82.622064           
2.333333            1.525641            77.477769           
2.423077            1.525641            72.216277           
2.512821            1.525641            66.830931           
2.602564            1.525641            61.317010           
2.692308            1.525641            55.672074           
2.782051            1.525641            49.896295           
2.871795            1.525641            43.992742           
2.961538            1.525641            37.967593           
3.051282            1.525641            31.830249           
3.141026            1.525641            25.593316           
3.230769            1.525641            19.272438           
3.320513            1.525641            12.885963           
3.410256            1.525641            6.454445            
3.500000            1.525641            0.000000            
0.000000            1.615385            200.000000          
0.089744            1.615385            194.884322          
0.179487            1.615385            189.776951          
0.269231            1.615385            184.685897          
0.358974            1.615385            179.618591          
0.448718            1.615385            174.581626          
0.538462            1.615385            169.580531          
0.628205            1.615385            164.619598          
0.717949            1.615385            159.701739          
0.807692            1.615385            154.828403          
0.897436            1.615385            149.999536          
0.987179            1.615385            145.213576          
1.076923            1.615385            140.467498          
1.166667            1.615385            135.756882          
1.256410            1.615385            131.076004          
1.346154            1.615385            126.417960          
1.435897            1.615385            121.774794          
1.525641            1.615385            117.137649          
1.615385            1.615385            112.496922          
1.705128            1.615385            107.842432          
1.794872            1.615385            103.163601          
1.884615            1.615385            98.449637           
1.974359            1.615385            93.689740           
2.064103            1.615385            88.873312           
2.153846            1.615385            83.990185           
2.243590            1.615385            79.030863           
2.333333            1.615385            73.986778           
2.423077            1.615385            68.850557           
2.512821            1.615385            63.616295           
2.602564            1.615385            58.279828           
2.692308            1.615385            52.838990           
2.782051            1.615385            47.293847           
2.871795            1.615385            41.646885           
2.961538            1.615385            35.903138           
3.051282            1.615385            30.070230           
3.141026            1.615385            24.158322           
3.230769            1.615385            18.179942           
3.320513            1.615385            12.149702           
3.410256            1.615385            6.083896            
3.500000            1.615385            0.000000            
0.000000            1.705128            200.000000          
0.089744            1.705128            194.578593          
0.179487            1.705128            189.168155          
0.269231            1.705128            183.779288          
0.358974            1.705128            178.421870          
0.448718            1.705128            173.104745          
0.538462            1.705128            167.835453          
0.628205            1.705128            162.620019          
0.717949            1.705128            157.462813          
0.807692            1.705128            152.366460          
0.897436            1.705128            147.331819          
0.987179            1.705128            142.358012          
1.076923            1.705128            137.442494          
1.166667            1.705128            132.581165          
1.256410            1.705128            127.768508          
1.346154            1.705128            122.997747          
1.435897            1.705128            118.261016          
1.525641            1.705128            113.549543          
1.615385            1.705128            108.853838          
1.705128            1.705128            104.163883          
1.794872            1.705128            99.469325           
1.884615            1.705128            94.759676           
1.974359            1.705128            90.024513           
2.064103            1.705128            85.253684           
2.153846            1.705128            80.437520           
2.243590            1.705128            75.567047           
2.333333            1.705128            70.634212           
2.423077            1.705128            65.632098           
2.512821            1.705128            60.555145           
2.602564            1.705128            55.399357           
2.692308            1.705128            50.162494           
2.782051            1.705128            44.844234           
2.871795            1.705128            39.446291           
2.961538            1.705128            33.972490           
3.051282            1.705128            28.428761           
3.141026            1.705128            22.823070           
3.230769            1.705128            17.165260           
3.320513            1.705128            11.466805           
3.410256            1.705128            5.740486            
3.500000            1.705128            0.000000            
0.000000            1.794872            200.000000          
0.089744            1.794872            194.256444          
0.179487            1.794872            188.527075          
0.269231            1.794872            182.825609          
0.358974            1.794872            177.164847          
0.448718            1.794872            171.556284          
0.538462            1.794872            166.009779          
0.628205            1.794872            160.533316          
0.717949            1.794872            155.132845          
0.807692            1.794872            149.812205          
0.897436            1.794872            144.573126          
0.987179            1.794872            139.415301          
1.076923            1.794872            134.336501          
1.166667            1.794872            129.332745          
1.256410            1.794872            124.398482          
1.346154            1.794872            119.526805          
1.435897            1.794872            114.709668          
1.525641            1.794872            109.938103          
1.615385            1.794872            105.202448          
1.705128            1.794872            100.492551          
1.794872            1.794872            95.797993           
1.884615            1.794872            91.108285           
1.974359            1.794872            86.413074           
2.064103            1.794872            81.702336           
2.153846            1.794872            76.966578           
2.243590            1.794872            72.197021           
2.333333            1.794872            67.385792           
2.423077            1.794872            62.526106           
2.512821            1.794872            57.612434           
2.602564            1.794872            52.640664           
2.692308            1.794872            47.608239           
2.782051            1.794872            42.514266           
2.871795            1.794872            37.359589           
2.961538            1.794872            32.146816           
3.051282            1.794872            26.880299           
3.141026            1.794872            21.566047           
3.230769            1.794872            16.211581           
3.320513            1.794872            10.825725           
3.410256            1.794872            5.418337            
3.500000            1.794872            0.000000            
0.000000            1.884615            200.000000          
0.089744            1.884615            193.913054          
0.179487            1.884615            187.844217          
0.269231            1.884615            181.810986          
0.358974            1.884615            175.829674          
0.448718            1.884615            169.914912          
0.538462            1.884615            164.079246          
0.628205            1.884615            158.332855          
0.717949            1.884615            152.683381          
0.807692            1.884615            147.135873          
0.897436            1.884615            141.692833          
0.987179            1.884615            136.354342          
1.076923            1.884615            131.118247          
1.166667            1.884615            125.980394          
1.256410            1.884615            120.934890          
1.346154            1.884615            115.974371          
1.435897            1.884615            111.090278          
1.525641            1.884615            106.273119          
1.615385            1.884615            101.512733          
1.705128            1.884615            96.798523           
1.794872            1.884615            92.119692           
1.884615            1.884615            87.465447           
1.974359            1.884615            82.825210           
2.064103            1.884615            78.188795           
2.153846            1.884615            73.546597           
2.243590            1.884615            68.889749           
2.333333            1.884615            64.210290           
2.423077            1.884615            59.501305           
2.512821            1.884615            54.757061           
2.602564            1.884615            49.973126           
2.692308            1.884615            45.146460           
2.782051            1.884615            40.275489           
2.871795            1.884615            35.360142           
2.961538            1.884615            30.401852           
3.051282            1.884615            25.403516           
3.141026            1.884615            20.369405           
3.230769            1.884615            15.305031           
3.320513            1.884615            10.216968           
3.410256            1.884615            5.112628            
3.500000            1.884615            0.000000            
0.000000            1.974359            200.000000          
0.089744            1.974359            193.542544          
0.179487            1.974359            187.108035          
0.269231            1.974359            180.718608          
0.358974            1.974359            174.394837          
0.448718            1.974359            168.155086          
0.538462            1.974359            162.015020          
0.628205            1.974359            155.987261          
0.717949            1.974359            150.081229          
0.807692            1.974359            144.303116          
0.897436            1.974359            138.656007          
0.987179            1.974359            133.140088          
1.076923            1.974359            127.752933          
1.166667            1.974359            122.489830          
1.256410            1.974359            117.344134          
1.346154            1.974359            112.307616          
1.435897            1.974359            107.370800          
1.525641            1.974359            102.523291          
1.615385            1.974359            97.754063           
1.705128            1.974359            93.051735           
1.794872            1.974359            88.404809           
1.884615            1.974359            83.801893           
1.974359            1.974359            79.231895           
2.064103            1.974359            74.684204           
2.153846            1.974359            70.148848           
2.243590            1.974359            65.616640           
2.333333            1.974359            61.079306           
2.423077            1.974359            56.529605           
2.512821            1.974359            51.961423           
2.602564            1.974359            47.369862           
2.692308            1.974359            42.751296           
2.782051            1.974359            38.103414           
2.871795            1.974359            33.425229           
2.961538            1.974359            28.717060           
3.051282            1.974359            23.980479           
3.141026            1.974359            19.218221           
3.230769            1.974359            14.434062           
3.320513            1.974359            9.632660            
3.410256            1.974359            4.819364            
3.500000            1.974359            0.000000            
0.000000            2.064103            200.000000          
0.089744            2.064103            193.137663          
0.179487            2.064103            186.304325          
0.269231            2.064103            179.527887          
0.358974            2.064103            172.834144          
0.448718            2.064103            166.245945          
0.538462            2.064103            159.782569          
0.628205            2.064103            153.459338          
0.717949            2.064103            147.287471          
0.807692            2.064103            141.274141          
0.897436            2.064103            135.422692          
0.987179            2.064103            129.732992          
1.076923            2.064103            124.201847          
1.166667            2.064103            118.823466          
1.256410            2.064103            113.589924          
1.346154            2.064103            108.491616          
1.435897            2.064103            103.517673          
1.525641            2.064103            98.656348           
1.615385            2.064103            93.895350           
1.705128            2.064103            89.222144           
1.794872            2.064103            84.624206           
1.884615            2.064103            80.089247           
1.974359            2.064103            75.605397           
2.064103            2.064103            71.161378           
2.153846            2.064103            66.746635           
2.243590            2.064103            62.351462           
2.333333            2.064103            57.967103           
2.423077            2.064103            53.585838           
2.512821            2.064103            49.201051           
2.602564            2.064103            44.807284           
2.692308            2.064103            40.400268           
2.782051            2.064103            35.976936           
2.871795            2.064103            31.535417           
2.961538            2.064103            27.074993           
3.051282            2.064103            22.596044           
3.141026            2.064103            18.099958           
3.230769            2.064103            13.589010           
3.320513            2.064103            9.066228            
3.410256            2.064103            4.535221            
3.500000            2.064103            0.000000            
0.000000            2.153846            200.000000          
0.089744            2.153846            192.689340          
0.179487            2.153846            185.415376          
0.269231            2.153846            178.213282          
0.358974            2.153846            171.115337          
0.448718            2.153846            164.149806          
0.538462            2.153846            157.340160          
0.628205            2.153846            150.704647          
0.717949            2.153846            144.256204          
0.807692            2.153846            138.002645          
0.897436            2.153846            131.947062          
0.987179            2.153846            126.088371          
1.076923            2.153846            120.421925          
1.166667            2.153846            114.940151          
1.256410            2.153846            109.633171          
1.346154            2.153846            104.489373          
1.435897            2.153846            99.495922           
1.525641            2.153846            94.639212           
1.615385            2.153846            89.905243           
1.705128            2.153846            85.279940           
1.794872            2.153846            80.749421           
1.884615            2.153846            76.300212           
1.974359            2.153846            71.919425           
2.064103            2.153846            67.594898           
2.153846            2.153846            63.315316           
2.243590            2.153846            59.070301           
2.333333            2.153846            54.850485           
2.423077            2.153846            50.647564           
2.512821            2.153846            46.454345           
2.602564            2.153846            42.264758           
2.692308            2.153846            38.073873           
2.782051            2.153846            33.877885           
2.871795            2.153846            29.674087           
2.961538            2.153846            25.460821           
3.051282            2.153846            21.237407           
3.141026            2.153846            17.004057           
3.230769            2.153846            12.761764           
3.320513            2.153846            8.512168            
3.410256            2.153846            4.257416            
3.500000            2.153846            0.000000            
0.000000            2.243590            200.000000          
0.089744            2.243590            192.186043          
0.179487            2.243590            184.418754          
0.269231            2.243590            176.742644          
0.358974            2.243590            169.198144          
0.448718            2.243590            161.820110          
0.538462            2.243590            154.636845          
0.628205            2.243590            147.669660          
0.717949            2.243590            140.932927          
0.807692            2.243590            134.434501          
0.897436            2.243590            128.176410          
0.987179            2.243590            122.155695          
1.076923            2.243590            116.365301          
1.166667            2.243590            110.794947          
1.256410            2.243590            105.431944          
1.346154            2.243590            100.261901          
1.435897            2.243590            95.269350           
1.525641            2.243590            90.438252           
1.615385            2.243590            85.752418           
1.705128            2.243590            81.195837           
1.794872            2.243590            76.752942           
1.884615            2.243590            72.408812           
1.974359            2.243590            68.149319           
2.064103            2.243590            63.961250           
2.153846            2.243590            59.832388           
2.243590            2.243590            55.751572           
2.333333            2.243590            51.708738           
2.423077            2.243590            47.694945           
2.512821            2.243590            43.702378           
2.602564            2.243590            39.724353           
2.692308            2.243590            35.755291           
2.782051            2.243590            31.790692           
2.871795            2.243590            27.827086           
2.961538            2.243590            23.861978           
3.051282            2.243590            19.893763           
3.141026            2.243590            15.921645           
3.230769            2.243590            11.945524           
3.320513            2.243590            7.965877            
3.410256            2.243590            3.983628            
3.500000            2.243590            0.000000            
0.000000            2.333333            200.000000          
0.089744            2.333333            191.612832          
0.179487            2.333333            183.285532          
0.269231            2.333333            175.074823          
0.358974            2.333333            167.031537          
0.448718            2.333333            159.198582          
0.538462            2.333333            151.609746          
0.628205            2.333333            144.289341          
0.717949            2.333333            137.252533          
0.807692            2.333333            130.506189          
0.897436            2.333333            124.050019          
0.987179            2.333333            117.877853          
1.076923            2.333333            111.978917          
1.166667            2.333333            106.339013          
1.256410            2.333333            100.941560          
1.346154            2.333333            95.768471           
1.435897            2.333333            90.800871           
1.525641            2.333333            86.019667           
1.615385            2.333333            81.405976           
1.705128            2.333333            76.941463           
1.794872            2.333333            72.608574           
1.884615            2.333333            68.390705           
1.974359            2.333333            64.272321           
2.064103            2.333333            60.239028           
2.153846            2.333333            56.277618           
2.243590            2.333333            52.376087           
2.333333            2.333333            48.523640           
2.423077            2.333333            44.710680           
2.512821            2.333333            40.928784           
2.602564            2.333333            37.170673           
2.692308            2.333333            33.430170           
2.782051            2.333333            29.702146           
2.871795            2.333333            25.982463           
2.961538            2.333333            22.267898           
3.051282            2.333333            18.556063           
3.141026            2.333333            14.845309           
3.230769            2.333333            11.134627           
3.320513            2.333333            7.423527            
3.410256            2.333333            3.711924            
3.500000            2.333333            0.000000            
0.000000            2.423077            200.000000          
0.089744            2.423077            190.949934          
0.179487            2.423077            181.977644          
0.269231            2.423077            173.156168          
0.358974            2.423077            164.549793          
0.448718            2.423077            156.211263          
0.538462            2.423077            148.180402          
0.628205            2.423077            140.484017          
0.717949            2.423077            133.136819          
0.807692            2.423077            126.142970          
0.897436            2.423077            119.497952          
0.987179            2.423077            113.190476          
1.076923            2.423077            107.204279          
1.166667            2.423077            101.519681          
1.256410            2.423077            96.114895           
1.346154            2.423077            90.967062           
1.435897            2.423077            86.053052           
1.525641            2.423077            81.350056           
1.615385            2.423077            76.836011           
1.705128            2.423077            72.489895           
1.794872            2.423077            68.291910           
1.884615            2.423077            64.223602           
1.974359            2.423077            60.267913           
2.064103            2.423077            56.409205           
2.153846            2.423077            52.633245           
2.243590            2.423077            48.927183           
2.333333            2.423077            45.279510           
2.423077            2.423077            41.680005           
2.512821            2.423077            38.119686           
2.602564            2.423077            34.590744           
2.692308            2.423077            31.086477           
2.782051            2.423077            27.601224           
2.871795            2.423077            24.130282           
2.961538            2.423077            20.669827           
3.051282            2.423077            17.216826           
3.141026            2.423077            13.768936           
3.230769            2.423077            10.324407           
3.320513            2.423077            6.881969            
3.410256            2.423077            3.440718            
3.500000            2.423077            0.000000            
0.000000            2.512821            200.000000          
0.089744            2.512821            190.170535          
0.179487            2.512821            180.443838          
0.269231            2.512821            170.915270          
0.358974            2.512821            161.666747          
0.448718            2.512821            152.762933          
0.538462            2.512821            144.249822          
0.628205            2.512821            136.155367          
0.717949            2.512821            128.491496          
0.807692            2.512821            121.256879          
0.897436            2.512821            114.439903          
0.987179            2.512821            108.021482          
1.076923            2.512821            101.977513          
1.166667            2.512821            96.280884           
1.256410            2.512821            90.903040           
1.346154            2.512821            85.815149           
1.435897            2.512821            80.988934           
1.525641            2.512821            76.397235           
1.615385            2.512821            72.014370           
1.705128            2.512821            67.816343           
1.794872            2.512821            63.780944           
1.884615            2.512821            59.887780           
1.974359            2.512821            56.118243           
2.064103            2.512821            52.455461           
2.153846            2.512821            48.884222           
2.243590            2.512821            45.390889           
2.333333            2.512821            41.963309           
2.423077            2.512821            38.590727           
2.512821            2.512821            35.263688           
2.602564            2.512821            31.973953           
2.692308            2.512821            28.714405           
2.782051            2.512821            25.478961           
2.871795            2.512821            22.262481           
2.961538            2.512821            19.060674           
3.051282            2.512821            15.870003           
3.141026            2.512821            12.687587           
3.230769            2.512821            9.511100            
3.320513            2.512821            6.338661            
3.410256            2.512821            3.168732            
3.500000            2.512821            0.000000            
0.000000            2.602564            200.000000          
0.089744            2.602564            189.237226          
0.179487            2.602564            178.613280          
0.269231            2.602564            168.254876          
0.358974            2.602564            158.267275          
0.448718            2.602564            148.729182          
0.538462            2.602564            139.691852          
0.628205            2.602564            131.181366          
0.717949            2.602564            123.202742          
0.807692            2.602564            115.744711          
0.897436            2.602564            108.784347          
0.987179            2.602564            102.291088          
1.076923            2.602564            96.229978           
1.166667            2.602564            90.564125           
1.256410            2.602564            85.256454           
1.346154            2.602564            80.270913           
1.435897            2.602564            75.573229           
1.525641            2.602564            71.131349           
1.615385            2.602564            66.915656           
1.705128            2.602564            62.899032           
1.794872            2.602564            59.056814           
1.884615            2.602564            55.366703           
1.974359            2.602564            51.808625           
2.064103            2.602564            48.364586           
2.153846            2.602564            45.018520           
2.243590            2.602564            41.756138           
2.333333            2.602564            38.564781           
2.423077            2.602564            35.433293           
2.512821            2.602564            32.351886           
2.602564            2.602564            29.312023           
2.692308            2.602564            26.306307           
2.782051            2.602564            23.328371           
2.871795            2.602564            20.372777           
2.961538            2.602564            17.434908           
3.051282            2.602564            14.510875           
3.141026            2.602564            11.597409           
3.230769            2.602564            8.691767            
3.320513            2.602564            5.791622            
3.410256            2.602564            2.894965            
3.500000            2.602564            0.000000            
0.000000            2.692308            200.000000          
0.089744            2.692308            188.096057          
0.179487            2.692308            176.385085          
0.269231            2.692308            165.039128          
0.358974            2.692308            154.194434          
0.448718            2.692308            143.945127          
0.538462            2.692308            134.344351          
0.628205            2.692308            125.410182          
0.717949            2.692308            117.133584          
0.807692            2.692308            109.486421          
0.897436            2.692308            102.428425          
0.987179            2.692308            95.912699           
1.076923            2.692308            89.889750           
1.166667            2.692308            84.310254           
1.256410            2.692308            79.126822           
1.346154            2.692308            74.295034           
1.435897            2.692308            69.773958           
1.525641            2.692308            65.526324           
1.615385            2.692308            61.518488           
1.705128            2.692308            57.720263           
1.794872            2.692308            54.104681           
1.884615            2.692308            50.647735           
1.974359            2.692308            47.328108           
2.064103            2.692308            44.126913           
2.153846            2.692308            41.027454           
2.243590            2.692308            38.015004           
2.333333            2.692308            35.076604           
2.423077            2.692308            32.200885           
2.512821            2.692308            29.377906           
2.602564            2.692308            26.599002           
2.692308            2.692308            23.856658           
2.782051            2.692308            21.144379           
2.871795            2.692308            18.456581           
2.961538            2.692308            15.788475           
3.051282            2.692308            13.135967           
3.141026            2.692308            10.495555           
3.230769            2.692308            7.864231            
3.320513            2.692308            5.239379            
3.410256            2.692308            2.618676            
3.500000            2.692308            0.000000            
0.000000            2.782051            200.000000          
0.089744            2.782051            186.666070          
0.179487            2.782051            173.610472          
0.269231            2.782051            161.072795          
0.358974            2.782051            149.229805          
0.448718            2.782051            138.189410          
0.538462            2.782051            127.997849          
0.628205            2.782051            118.653325          
0.717949            2.782051            110.120763          
0.807692            2.782051            102.344717          
0.897436            2.782051            95.259325           
0.987179            2.782051            88.795299           
1.076923            2.782051            82.884454           
1.166667            2.782051            77.462376           
1.256410            2.782051            72.469805           
1.346154            2.782051            67.853170           
1.435897            2.782051            63.564612           
1.525641            2.782051            59.561701           
1.615385            2.782051            55.807013           
1.705128            2.782051            52.267644           
1.794872            2.782051            48.914717           
1.884615            2.782051            45.722920           
1.974359            2.782051            42.670078           
2.064103            2.782051            39.736774           
2.153846            2.782051            36.906013           
2.243590            2.782051            34.162932           
2.333333            2.782051            31.494539           
2.423077            2.782051            28.889500           
2.512821            2.782051            26.337936           
2.602564            2.782051            23.831259           
2.692308            2.782051            21.362019           
2.782051            2.782051            18.923767           
2.871795            2.782051            16.510936           
2.961538            2.782051            14.118721           
3.051282            2.782051            11.742979           
3.141026            2.782051            9.380123            
3.230769            2.782051            7.027029            
3.320513            2.782051            4.680937            
3.410256            2.782051            2.339362            
3.500000            2.782051            0.000000            
0.000000            2.871795            200.000000          
0.089744            2.871795            184.819754          
0.179487            2.871795            170.060885          
0.269231            2.871795            156.066533          
0.358974            2.871795            143.063192          
0.448718            2.871795            131.161958          
0.538462            2.871795            120.381877          
0.628205            2.871795            110.679237          
0.717949            2.871795            101.973593          
0.807692            2.871795            94.167261           
0.897436            2.871795            87.158278           
0.987179            2.871795            80.848160           
1.076923            2.871795            75.146006           
1.166667            2.871795            69.970229           
1.256410            2.871795            65.248879           
1.346154            2.871795            60.919202           
1.435897            2.871795            56.926823           
1.525641            2.871795            53.224788           
1.615385            2.871795            49.772623           
1.705128            2.871795            46.535440           
1.794872            2.871795            43.483150           
1.884615            2.871795            40.589774           
1.974359            2.871795            37.832850           
2.064103            2.871795            35.192934           
2.153846            2.871795            32.653171           
2.243590            2.871795            30.198944           
2.333333            2.871795            27.817563           
2.423077            2.871795            25.498016           
2.512821            2.871795            23.230745           
2.602564            2.871795            21.007465           
2.692308            2.871795            18.820994           
2.782051            2.871795            16.665114           
2.871795            2.871795            14.534445           
2.961538            2.871795            12.424328           
3.051282            2.871795            10.330720           
3.141026            2.871795            8.250097            
3.230769            2.871795            6.179360            
3.320513            2.871795            4.115745            
3.410256            2.871795            2.056740            
3.500000            2.871795            0.000000            
0.000000            2.961538            200.000000          
0.089744            2.961538            182.343712          
0.179487            2.961538            165.368029          
0.269231            2.961538            149.577246          
0.358974            2.961538            135.246234          
0.448718            2.961538            122.454726          
0.538462            2.961538            111.150928          
0.628205            2.961538            101.210263          
0.717949            2.961538            92.477687           
0.807692            2.961538            84.793791           
0.897436            2.961538            78.008824           
0.987179            2.961538            71.988925           
1.076923            2.961538            66.617842           
1.166667            2.961538            61.796306           
1.256410            2.961538            57.440340           
1.346154            2.961538            53.479222           
1.435897            2.961538            49.853480           
1.525641            2.961538            46.513067           
1.615385            2.961538            43.415780           
1.705128            2.961538            40.525938           
1.794872            2.961538            37.813273           
1.884615            2.961538            35.252024           
1.974359            2.961538            32.820196           
2.064103            2.961538            30.498955           
2.153846            2.961538            28.272124           
2.243590            2.961538            26.125785           
2.333333            2.961538            24.047935           
2.423077            2.961538            22.028213           
2.512821            2.961538            20.057665           
2.602564            2.961538            18.128548           
2.692308            2.961538            16.234166           
2.782051            2.961538            14.368722           
2.871795            2.961538            12.527197           
2.961538            2.961538            10.705233           
3.051282            2.961538            8.899037            
3.141026            2.961538            7.105285            
3.230769            2.961538            5.321038            
3.320513            2.961538            3.543658            
3.410256            2.961538            1.770734            
3.500000            2.961538            0.000000            
0.000000            3.051282            200.000000          
0.089744            3.051282            178.851996          
0.179487            3.051282            158.904682          
0.269231            3.051282            140.904180          
0.358974            3.051282            125.124020          
0.448718            3.051282            111.518179          
0.538462            3.051282            99.876270           
0.628205            3.051282            89.929374           
0.717949            3.051282            81.408562           
0.807692            3.051282            74.071547           
0.897436            3.051282            67.711346           
0.987179            3.051282            62.156067           
1.076923            3.051282            57.265016           
1.166667            3.051282            52.923757           
1.256410            3.051282            49.039320           
1.346154            3.051282            45.536028           
1.435897            3.051282            42.352048           
1.525641            3.051282            39.436599           
1.615385            3.051282            36.747751           
1.705128            3.051282            34.250680           
1.794872            3.051282            31.916301           
1.884615            3.051282            29.720188           
1.974359            3.051282            27.641724           
2.064103            3.051282            25.663429           
2.153846            3.051282            23.770417           
2.243590            3.051282            21.949973           
2.333333            3.051282            20.191199           
2.423077            3.051282            18.484733           
2.512821            3.051282            16.822518           
2.602564            3.051282            15.197606           
2.692308            3.051282            13.604002           
2.782051            3.051282            12.036520           
2.871795            3.051282            10.490666           
2.961538            3.051282            8.962539            
3.051282            3.051282            7.448732            
3.141026            3.051282            5.946252            
3.230769            3.051282            4.452442            
3.320513            3.051282            2.964908            
3.410256            3.051282            1.481451            
3.500000            3.051282            0.000000            
0.000000            3.141026            200.000000          
0.089744            3.141026            173.572653          
0.179487            3.141026            149.535227          
0.269231            3.141026            128.910223          
0.358974            3.141026            111.745329          
0.448718            3.141026            97.637570           
0.538462            3.141026            86.059167           
0.628205            3.141026            76.508634           
0.717949            3.141026            68.562758           
0.807692            3.141026            61.883112           
0.897436            3.141026            56.205635           
0.987179            3.141026            51.326171           
1.076923            3.141026            47.086959           
1.166667            3.141026            43.365561           
1.256410            3.141026            40.066273           
1.346154            3.141026            37.113650           
1.435897            3.141026            34.447668           
1.525641            3.141026            32.020135           
1.615385            3.141026            29.792004           
1.705128            3.141026            27.731366           
1.794872            3.141026            25.811938           
1.884615            3.141026            24.011905           
1.974359            3.141026            22.313041           
2.064103            3.141026            20.700028           
2.153846            3.141026            19.159918           
2.243590            3.141026            17.681720           
2.333333            3.141026            16.256065           
2.423077            3.141026            14.874942           
2.512821            3.141026            13.531479           
2.602564            3.141026            12.219767           
2.692308            3.141026            10.934716           
2.782051            3.141026            9.671928            
2.871795            3.141026            8.427596            
2.961538            3.141026            7.198409            
3.051282            3.141026            5.981474            
3.141026            3.141026            4.774246            
3.230769            3.141026            3.574456            
3.320513            3.141026            2.380058            
3.410256            3.141026            1.189166            
3.500000            3.141026            0.000000            
0.000000            3.230769            200.000000          
0.089744            3.230769            164.748486          
0.179487            3.230769            135.076334          
0.269231            3.230769            111.739772          
0.358974            3.230769            93.784822           
0.448718            3.230769            79.962236           
0.538462            3.230769            69.197980           
0.628205            3.230769            60.678428           
0.717949            3.230769            53.815437           
0.807692            3.230769            48.189687           
0.897436            3.230769            43.501582           
0.987179            3.230769            39.534909           
1.076923            3.230769            36.131457           
1.166667            3.230769            33.173675           
1.256410            3.230769            30.572856           
1.346154            3.230769            28.261044           
1.435897            3.230769            26.185436           
1.525641            3.230769            24.304450           
1.615385            3.230769            22.584944           
1.705128            3.230769            21.000202           
1.794872            3.230769            19.528471           
1.884615            3.230769            18.151877           
1.974359            3.230769            16.855609           
2.064103            3.230769            15.627307           
2.153846            3.230769            14.456593           
2.243590            3.230769            13.334699           
2.333333            3.230769            12.254186           
2.423077            3.230769            11.208714           
2.512821            3.230769            10.192865           
2.602564            3.230769            9.201987            
2.692308            3.230769            8.232082            
2.782051            3.230769            7.279698            
2.871795            3.230769            6.341848            
2.961538            3.230769            5.415935            
3.051282            3.230769            4.499688            
3.141026            3.230769            3.591105            
3.230769            3.230769            2.688401            
3.320513            3.230769            1.789962            
3.410256            3.230769            0.894298            
3.500000            3.230769            0.000000            
0.000000            3.320513            200.000000          
0.089744            3.320513            147.695558          
0.179487            3.320513            111.166336          
0.269231            3.320513            86.506357           
0.358974            3.320513            69.620763           
0.448718            3.320513            57.691688           
0.538462            3.320513            48.963015           
0.628205            3.320513            42.358343           
0.717949            3.320513            37.208698           
0.807692            3.320513            33.087332           
0.897436            3.320513            29.713689           
0.987179            3.320513            26.897649           
1.076923            3.320513            24.506642           
1.166667            3.320513            22.445783           
1.256410            3.320513            20.645538           
1.346154            3.320513            19.053866           
1.435897            3.320513            17.631086           
1.525641            3.320513            16.346424           
1.615385            3.320513            15.175661           
1.705128            3.320513            14.099478           
1.794872            3.320513            13.102283           
1.884615            3.320513            12.171360           
1.974359            3.320513            11.296238           
2.064103            3.320513            10.468229           
2.153846            3.320513            9.680067            
2.243590            3.320513            8.925640            
2.333333            3.320513            8.199779            
2.423077            3.320513            7.498092            
2.512821            3.320513            6.816830            
2.602564            3.320513            6.152786            
2.692308            3.320513            5.503201            
2.782051            3.320513            4.865699            
2.871795            3.320513            4.238224            
2.961538            3.320513            3.618988            
3.051282            3.320513            3.006427            
3.141026            3.320513            2.399163            
3.230769            3.320513            1.795963            
3.320513            3.320513            1.195713            
3.410256            3.320513            0.597384            
3.500000            3.320513            0.000000            
0.000000            3.410256            200.000000          
0.089744            3.410256            107.548415          
0.179487            3.410256            69.468166           
0.269231            3.410256            49.574192           
0.358974            3.410256            37.990173           
0.448718            3.410256            30.600082           
0.538462            3.410256            25.529773           
0.628205            3.410256            21.848430           
0.717949            3.410256            19.055153           
0.807692            3.410256            16.860698           
0.897436            3.410256            15.087692           
0.987179            3.410256            13.621739           
1.076923            3.410256            12.385884           
1.166667            3.410256            11.326488           
1.256410            3.410256            10.405031           
1.346154            3.410256            9.593130            
1.435897            3.410256            8.869409            
1.525641            3.410256            8.217452            
1.615385            3.410256            7.624445            
1.705128            3.410256            7.080234            
1.794872            3.410256            6.576670            
1.884615            3.410256            6.107135            
1.974359            3.410256            5.666206            
2.064103            3.410256            5.249393            
2.153846            3.410256            4.852956            
2.243590            3.410256            4.473753            
2.333333            3.410256            4.109136            
2.423077            3.410256            3.756856            
2.512821            3.410256            3.414996            
2.602564            3.410256            3.081919            
2.692308            3.410256            2.756218            
2.782051            3.410256            2.436681            
2.871795            3.410256            2.122261            
2.961538            3.410256            1.812046            
3.051282            3.410256            1.505238            
3.141026            3.410256            1.201136            
3.230769            3.410256            0.899110            
3.320513            3.410256            0.598591            
3.410256            3.410256            0.299054            
3.500000            3.410256            0.000000            
0.000000            3.500000            200.000000          
0.089744            3.500000            0.000000            
0.179487            3.500000            0.000000            
0.269231            3.500000            0.000000            
0.358974            3.500000            0.000000            
0.448718            3.500000            0.000000            
0.538462            3.500000            0.000000            
0.628205            3.500000            0.000000            
0.717949            3.500000            0.000000            
0.807692            3.500000            0.000000            
0.897436            3.500000            0.000000            
0.987179            3.500000            0.000000            
1.076923            3.500000            0.000000            
1.166667            3.500000            0.000000            
1.256410            3.500000            0.000000            
1.346154            3.500000            0.000000            
1.435897            3.500000            0.000000            
1.525641            3.500000            0.000000            
1.615385            3.500000            0.000000            
1.705128            3.500000            0.000000            
1.794872            3.500000            0.000000            
1.884615            3.500000            0.000000            
1.974359            3.500000            0.000000            
2.064103            3.500000            0.000000            
2.153846            3.500000            0.000000            
2.243590            3.500000            0.000000            
2.333333            3.500000            0.000000            
2.423077            3.500000            0.000000            
2.512821            3.500000            0.000000            
2.602564            3.500000            0.000000            
2.692308            3.500000            0.000000            
2.782051            3.500000            0.000000            
2.871795            3.500000            0.000000            
2.961538            3.500000            0.000000            
3.051282            3.500000            0.000000            
3.141026            3.500000            0.000000            
3.230769            3.500000            0.000000            
3.320513            3.500000            0.000000            
3.410256            3.500000            0.000000            
3.500000            3.500000            0.000000            
