0.000000            0.000000            200.000000          
0.089744            0.000000            200.000000          
0.179487            0.000000            200.000000          
0.269231            0.000000            200.000000          
0.358974            0.000000            200.000000          
0.448718            0.000000            200.000000          
0.538462            0.000000            200.000000          
0.628205            0.000000            200.000000          
0.717949            0.000000            200.000000          
0.807692            0.000000            200.000000          
0.897436            0.000000            200.000000          
0.987179            0.000000            200.000000          
1.076923            0.000000            200.000000          
1.166667            0.000000            200.000000          
1.256410            0.000000            200.000000          
1.346154            0.000000            200.000000          
1.435897            0.000000            200.000000          
1.525641            0.000000            200.000000          
1.615385            0.000000            200.000000          
1.705128            0.000000            200.000000          
1.794872            0.000000            200.000000          
1.884615            0.000000            200.000000          
1.974359            0.000000            200.000000          
2.064103            0.000000            200.000000          
2.153846            0.000000            200.000000          
2.243590            0.000000            200.000000          
2.333333            0.000000            200.000000          
2.423077            0.000000            200.000000          
2.512821            0.000000            200.000000          
2.602564            0.000000            200.000000          
2.692308            0.000000            200.000000          
2.782051            0.000000            200.000000          
2.871795            0.000000            200.000000          
2.961538            0.000000            200.000000          
3.051282            0.000000            200.000000          
3.141026            0.000000            200.000000          
3.230769            0.000000            200.000000          
3.320513            0.000000            200.000000          
3.410256            0.000000            200.000000          
3.500000            0.000000            0.000000            
0.000000            0.089744            200.000000          
0.089744            0.089744            190.698071          
0.179487            0.089744            196.776407          
0.269231            0.089744            198.610590          
0.358974            0.089744            199.009183          
0.448718            0.089744            198.994702          
0.538462            0.089744            198.834142          
0.628205            0.089744            198.612197          
0.717949            0.089744            198.360540          
0.807692            0.089744            198.092456          
0.897436            0.089744            197.813863          
0.987179            0.089744            197.527331          
1.076923            0.089744            197.233710          
1.166667            0.089744            196.932844          
1.256410            0.089744            196.623886          
1.346154            0.089744            196.305444          
1.435897            0.089744            195.975617          
1.525641            0.089744            195.631988          
1.615385            0.089744            195.271566          
1.705128            0.089744            194.890687          
1.794872            0.089744            194.484875          
1.884615            0.089744            194.048646          
1.974359            0.089744            193.575235          
2.064103            0.089744            193.056212          
2.153846            0.089744            192.480953          
2.243590            0.089744            191.835868          
2.333333            0.089744            191.103282          
2.423077            0.089744            190.259753          
2.512821            0.089744            189.273478          
2.602564            0.089744            188.100163          
2.692308            0.089744            186.676159          
2.782051            0.089744            184.906536          
2.871795            0.089744            182.643138          
2.961538            0.089744            179.641277          
3.051282            0.089744            175.466446          
3.141026            0.089744            169.269330          
3.230769            0.089744            159.156108          
3.320513            0.089744            140.056479          
3.410256            0.089744            95.492836           
3.500000            0.089744            0.000000            
0.000000            0.179487            200.000000          
0.089744            0.179487            196.776407          
0.179487            0.179487            196.200699          
0.269231            0.179487            196.767636          
0.358974            0.179487            196.849569          
0.448718            0.179487            196.617650          
0.538462            0.179487            196.227270          
0.628205            0.179487            195.756172          
0.717949            0.179487            195.241076          
0.807692            0.179487            194.699564          
0.897436            0.179487            194.140047          
0.987179            0.179487            193.566237          
1.076923            0.179487            192.979202          
1.166667            0.179487            192.378335          
1.256410            0.179487            191.761820          
1.346154            0.179487            191.126831          
1.435897            0.179487            190.469586          
1.525641            0.179487            189.785306          
1.615385            0.179487            189.068102          
1.705128            0.179487            188.310786          
1.794872            0.179487            187.504601          
1.884615            0.179487            186.638848          
1.974359            0.179487            185.700366          
2.064103            0.179487            184.672822          
2.153846            0.179487            183.535712          
2.243590            0.179487            182.262947          
2.333333            0.179487            180.820801          
2.423077            0.179487            179.164884          
2.512821            0.179487            177.235546          
2.602564            0.179487            174.950700          
2.692308            0.179487            172.194236          
2.782051            0.179487            168.796592          
2.871795            0.179487            164.500740          
2.961538            0.179487            158.899632          
3.051282            0.179487            151.315041          
3.141026            0.179487            140.551237          
3.230769            0.179487            124.386873          
3.320513            0.179487            98.675544           
3.410256            0.179487            57.295131           
3.500000            0.179487            0.000000            
0.000000            0.269231            200.000000          
0.089744            0.269231            198.610590          
0.179487            0.269231            196.767636          
0.269231            0.269231            196.230648          
0.358974            0.269231            195.731095          
0.448718            0.269231            195.131482          
0.538462            0.269231            194.440462          
0.628205            0.269231            193.686852          
0.717949            0.269231            192.892226          
0.807692            0.269231            192.069538          
0.897436            0.269231            191.225696          
0.987179            0.269231            190.363691          
1.076923            0.269231            189.483918          
1.166667            0.269231            188.584897          
1.256410            0.269231            187.663660          
1.346154            0.269231            186.715899          
1.435897            0.269231            185.735994          
1.525641            0.269231            184.716920          
1.615385            0.269231            183.650078          
1.705128            0.269231            182.525020          
1.794872            0.269231            181.329079          
1.884615            0.269231            180.046845          
1.974359            0.269231            178.659462          
2.064103            0.269231            177.143670          
2.153846            0.269231            175.470467          
2.243590            0.269231            173.603257          
2.333333            0.269231            171.495202          
2.423077            0.269231            169.085399          
2.512821            0.269231            166.293243          
2.602564            0.269231            163.009908          
2.692308            0.269231            159.085222          
2.782051            0.269231            154.306909          
2.871795            0.269231            148.367109          
2.961538            0.269231            140.807576          
3.051282            0.269231            130.930663          
3.141026            0.269231            117.664275          
3.230769            0.269231            99.409456           
3.320513            0.269231            74.106347           
3.410256            0.269231            40.317307           
3.500000            0.269231            0.000000            
0.000000            0.358974            200.000000          
0.089744            0.358974            199.009183          
0.179487            0.358974            196.849569          
0.269231            0.358974            195.731095          
0.358974            0.358974            194.731917          
0.448718            0.358974            193.739175          
0.538462            0.358974            192.715948          
0.628205            0.358974            191.658456          
0.717949            0.358974            190.571843          
0.807692            0.358974            189.461429          
0.897436            0.358974            188.330478          
0.987179            0.358974            187.180003          
1.076923            0.358974            186.009026          
1.166667            0.358974            184.814848          
1.256410            0.358974            183.593195          
1.346154            0.358974            182.338270          
1.435897            0.358974            181.042700          
1.525641            0.358974            179.697389          
1.615385            0.358974            178.291292          
1.705128            0.358974            176.811077          
1.794872            0.358974            175.240673          
1.884615            0.358974            173.560654          
1.974359            0.358974            171.747417          
2.064103            0.358974            169.772073          
2.153846            0.358974            167.598945          
2.243590            0.358974            165.183508          
2.333333            0.358974            162.469531          
2.423077            0.358974            159.385078          
2.512821            0.358974            155.836816          
2.602564            0.358974            151.701845          
2.692308            0.358974            146.815860          
2.782051            0.358974            140.955974          
2.871795            0.358974            133.816086          
2.961538            0.358974            124.973101          
3.051282            0.358974            113.846180          
3.141026            0.358974            99.666363           
3.230769            0.358974            81.517776           
3.320513            0.358974            58.599206           
3.410256            0.358974            30.890375           
3.500000            0.358974            0.000000            
0.000000            0.448718            200.000000          
0.089744            0.448718            198.994702          
0.179487            0.448718            196.617650          
0.269231            0.448718            195.131482          
0.358974            0.448718            193.739175          
0.448718            0.448718            192.382142          
0.538462            0.448718            191.026769          
0.628205            0.448718            189.659062          
0.717949            0.448718            188.274876          
0.807692            0.448718            186.873476          
0.897436            0.448718            185.454459          
0.987179            0.448718            184.016533          
1.076923            0.448718            182.557081          
1.166667            0.448718            181.072023          
1.256410            0.448718            179.555743          
1.346154            0.448718            178.001006          
1.435897            0.448718            176.398826          
1.525641            0.448718            174.738269          
1.615385            0.448718            173.006173          
1.705128            0.448718            171.186772          
1.794872            0.448718            169.261196          
1.884615            0.448718            167.206814          
1.974359            0.448718            164.996364          
2.064103            0.448718            162.596810          
2.153846            0.448718            159.967816          
2.243590            0.448718            157.059727          
2.333333            0.448718            153.810840          
2.423077            0.448718            150.143741          
2.512821            0.448718            145.960347          
2.602564            0.448718            141.135241          
2.692308            0.448718            135.506800          
2.782051            0.448718            128.865796          
2.871795            0.448718            120.941776          
2.961538            0.448718            111.389686          
3.051282            0.448718            99.784552           
3.141026            0.448718            85.643681           
3.230769            0.448718            68.514731           
3.320513            0.448718            48.179066           
3.410256            0.448718            24.966657           
3.500000            0.448718            0.000000            
0.000000            0.538462            200.000000          
0.089744            0.538462            198.834142          
0.179487            0.538462            196.227270          
0.269231            0.538462            194.440462          
0.358974            0.538462            192.715948          
0.448718            0.538462            191.026769          
0.538462            0.538462            189.351435          
0.628205            0.538462            187.676617          
0.717949            0.538462            185.995134          
0.807692            0.538462            184.302970          
0.897436            0.538462            182.597122          
0.987179            0.538462            180.874343          
1.076923            0.538462            179.130488          
1.166667            0.538462            177.360153          
1.256410            0.538462            175.556458          
1.346154            0.538462            173.710861          
1.435897            0.538462            171.812962          
1.525641            0.538462            169.850259          
1.615385            0.538462            167.807847          
1.705128            0.538462            165.668019          
1.794872            0.538462            163.409760          
1.884615            0.538462            161.008089          
1.974359            0.538462            158.433215          
2.064103            0.538462            155.649450          
2.153846            0.538462            152.613801          
2.243590            0.538462            149.274161          
2.333333            0.538462            145.566965          
2.423077            0.538462            141.414202          
2.512821            0.538462            136.719631          
2.602564            0.538462            131.364107          
2.692308            0.538462            125.200118          
2.782051            0.538462            118.046030          
2.871795            0.538462            109.681551          
2.961538            0.538462            99.847972           
3.051282            0.538462            88.260357           
3.141026            0.538462            74.643966           
3.230769            0.538462            58.810481           
3.320513            0.538462            40.780311           
3.410256            0.538462            20.919506           
3.500000            0.538462            0.000000            
0.000000            0.628205            200.000000          
0.089744            0.628205            198.612197          
0.179487            0.628205            195.756172          
0.269231            0.628205            193.686852          
0.358974            0.628205            191.658456          
0.448718            0.628205            189.659062          
0.538462            0.628205            187.676617          
0.628205            0.628205            185.701337          
0.717949            0.628205            183.726213          
0.807692            0.628205            181.746093          
0.897436            0.628205            179.756556          
0.987179            0.628205            177.753018          
1.076923            0.628205            175.730127          
1.166667            0.628205            173.681366          
1.256410            0.628205            171.598767          
1.346154            0.628205            169.472672          
1.435897            0.628205            167.291501          
1.525641            0.628205            165.041493          
1.615385            0.628205            162.706389          
1.705128            0.628205            160.267043          
1.794872            0.628205            157.700943          
1.884615            0.628205            154.981592          
1.974359            0.628205            152.077751          
2.064103            0.628205            148.952468          
2.153846            0.628205            145.561888          
2.243590            0.628205            141.853764          
2.333333            0.628205            137.765642          
2.423077            0.628205            133.222681          
2.512821            0.628205            128.135151          
2.602564            0.628205            122.395724          
2.692308            0.628205            115.876979          
2.782051            0.628205            108.429949          
2.871795            0.628205            99.885407           
2.961538            0.628205            90.060863           
3.051282            0.628205            78.777879           
3.141026            0.628205            65.895361           
3.230769            0.628205            51.362471           
3.320513            0.628205            35.285464           
3.410256            0.628205            17.984564           
3.500000            0.628205            0.000000            
0.000000            0.717949            200.000000          
0.089744            0.717949            198.360540          
0.179487            0.717949            195.241076          
0.269231            0.717949            192.892226          
0.358974            0.717949            190.571843          
0.448718            0.717949            188.274876          
0.538462            0.717949            185.995134          
0.628205            0.717949            183.726213          
0.717949            0.717949            181.462400          
0.807692            0.717949            179.198599          
0.897436            0.717949            176.929860          
0.987179            0.717949            174.650847          
1.076923            0.717949            172.355392          
1.166667            0.717949            170.036136          
1.256410            0.717949            167.684252          
1.346154            0.717949            165.289195          
1.435897            0.717949            162.838465          
1.525641            0.717949            160.317347          
1.615385            0.717949            157.708613          
1.705128            0.717949            154.992163          
1.794872            0.717949            152.144589          
1.884615            0.717949            149.138643          
1.974359            0.717949            145.942584          
2.064103            0.717949            142.519393          
2.153846            0.717949            138.825827          
2.243590            0.717949            134.811313          
2.333333            0.717949            130.416681          
2.423077            0.717949            125.572795          
2.512821            0.717949            120.199192          
2.602564            0.717949            114.203000          
2.692308            0.717949            107.478600          
2.782051            0.717949            99.908889           
2.871795            0.717949            91.369488           
2.961538            0.717949            81.737833           
3.051282            0.717949            70.909491           
3.141026            0.717949            58.823476           
3.230769            0.717949            45.495673           
3.320513            0.717949            31.053749           
3.410256            0.717949            15.759373           
3.500000            0.717949            0.000000            
0.000000            0.807692            200.000000          
0.089744            0.807692            198.092456          
0.179487            0.807692            194.699564          
0.269231            0.807692            192.069538          
0.358974            0.807692            189.461429          
0.448718            0.807692            186.873476          
0.538462            0.807692            184.302970          
0.628205            0.807692            181.746093          
0.717949            0.807692            179.198599          
0.807692            0.807692            176.655976          
0.897436            0.807692            174.113294          
0.987179            0.807692            171.564919          
1.076923            0.807692            169.004212          
1.166667            0.807692            166.423249          
1.256410            0.807692            163.812585          
1.346154            0.807692            161.161023          
1.435897            0.807692            158.455398          
1.525641            0.807692            155.680339          
1.615385            0.807692            152.818004          
1.705128            0.807692            149.847769          
1.794872            0.807692            146.745863          
1.884615            0.807692            143.484931          
1.974359            0.807692            140.033518          
2.064103            0.807692            136.355476          
2.153846            0.807692            132.409285          
2.243590            0.807692            128.147318          
2.333333            0.807692            123.515081          
2.423077            0.807692            118.450536          
2.512821            0.807692            112.883657          
2.602564            0.807692            106.736491          
2.692308            0.807692            99.924184           
2.782051            0.807692            92.357622           
2.871795            0.807692            83.948584           
2.961538            0.807692            74.618475           
3.051282            0.807692            64.311505           
3.141026            0.807692            53.012333           
3.230769            0.807692            40.766214           
3.320513            0.807692            27.696677           
3.410256            0.807692            14.013030           
3.500000            0.807692            0.000000            
0.000000            0.897436            200.000000          
0.089744            0.897436            197.813863          
0.179487            0.897436            194.140047          
0.269231            0.897436            191.225696          
0.358974            0.897436            188.330478          
0.448718            0.897436            185.454459          
0.538462            0.897436            182.597122          
0.628205            0.897436            179.756556          
0.717949            0.897436            176.929860          
0.807692            0.897436            174.113294          
0.897436            0.897436            171.302253          
0.987179            0.897436            168.491110          
1.076923            0.897436            165.673032          
1.166667            0.897436            162.839772          
1.256410            0.897436            159.981487          
1.346154            0.897436            157.086548          
1.435897            0.897436            154.141356          
1.525641            0.897436            151.130147          
1.615385            0.897436            148.034772          
1.705128            0.897436            144.834452          
1.794872            0.897436            141.505484          
1.884615            0.897436            138.020919          
1.974359            0.897436            134.350187          
2.064103            0.897436            130.458689          
2.153846            0.897436            126.307375          
2.243590            0.897436            121.852329          
2.333333            0.897436            117.044442          
2.423077            0.897436            111.829268          
2.512821            0.897436            106.147216          
2.602564            0.897436            99.934342           
2.692308            0.897436            93.124073           
2.782051            0.897436            85.650305           
2.871795            0.897436            77.452419           
2.961538            0.897436            68.482636           
3.051282            0.897436            58.715871           
3.141026            0.897436            48.161464           
3.230769            0.897436            36.874991           
3.320513            0.897436            24.966904           
3.410256            0.897436            12.603944           
3.500000            0.897436            0.000000            
0.000000            0.987179            200.000000          
0.089744            0.987179            197.527331          
0.179487            0.987179            193.566237          
0.269231            0.987179            190.363691          
0.358974            0.987179            187.180003          
0.448718            0.987179            184.016533          
0.538462            0.987179            180.874343          
0.628205            0.987179            177.753018          
0.717949            0.987179            174.650847          
0.807692            0.987179            171.564919          
0.897436            0.987179            168.491110          
0.987179            0.987179            165.424002          
1.076923            0.987179            162.356766          
1.166667            0.987179            159.281023          
1.256410            0.987179            156.186716          
1.346154            0.987179            153.061964          
1.435897            0.987179            149.892933          
1.525641            0.987179            146.663681          
1.615385            0.987179            143.356002          
1.705128            0.987179            139.949241          
1.794872            0.987179            136.420098          
1.884615            0.987179            132.742403          
1.974359            0.987179            128.886878          
2.064103            0.987179            124.820908          
2.153846            0.987179            120.508327          
2.243590            0.987179            115.909281          
2.333333            0.987179            110.980219          
2.423077            0.987179            105.674125          
2.512821            0.987179            99.941118           
2.602564            0.987179            93.729617           
2.692308            0.987179            86.988306           
2.782051            0.987179            79.669175           
2.871795            0.987179            71.731875           
2.961538            0.987179            63.149508           
3.051282            0.987179            53.915664           
3.141026            0.987179            44.052013           
3.230769            0.987179            33.615073           
3.320513            0.987179            22.700187           
3.410256            0.987179            11.440570           
3.500000            0.987179            0.000000            
0.000000            1.076923            200.000000          
0.089744            1.076923            197.233710          
0.179487            1.076923            192.979202          
0.269231            1.076923            189.483918          
0.358974            1.076923            186.009026          
0.448718            1.076923            182.557081          
0.538462            1.076923            179.130488          
0.628205            1.076923            175.730127          
0.717949            1.076923            172.355392          
0.807692            1.076923            169.004212          
0.897436            1.076923            165.673032          
0.987179            1.076923            162.356766          
1.076923            1.076923            159.048725          
1.166667            1.076923            155.740536          
1.256410            1.076923            152.422062          
1.346154            1.076923            149.081310          
1.435897            1.076923            145.704354          
1.525641            1.076923            142.275237          
1.615385            1.076923            138.775872          
1.705128            1.076923            135.185935          
1.794872            1.076923            131.482749          
1.884615            1.076923            127.641158          
1.974359            1.076923            123.633421          
2.064103            1.076923            119.429119          
2.153846            1.076923            114.995123          
2.243590            1.076923            110.295660          
2.333333            1.076923            105.292534          
2.423077            1.076923            99.945590           
2.512821            1.076923            94.213531           
2.602564            1.076923            88.055215           
2.692308            1.076923            81.431595           
2.782051            1.076923            74.308418           
2.871795            1.076923            66.659794           
2.961538            1.076923            58.472555           
3.051282            1.076923            49.751150           
3.141026            1.076923            40.522461           
3.230769            1.076923            30.839596           
3.320513            1.076923            20.783479           
3.410256            1.076923            10.461122           
3.500000            1.076923            0.000000            
0.000000            1.166667            200.000000          
0.089744            1.166667            196.932844          
0.179487            1.166667            192.378335          
0.269231            1.166667            188.584897          
0.358974            1.166667            184.814848          
0.448718            1.166667            181.072023          
0.538462            1.166667            177.360153          
0.628205            1.166667            173.681366          
0.717949            1.166667            170.036136          
0.807692            1.166667            166.423249          
0.897436            1.166667            162.839772          
0.987179            1.166667            159.281023          
1.076923            1.166667            155.740536          
1.166667            1.166667            152.210027          
1.256410            1.166667            148.679362          
1.346154            1.166667            145.136523          
1.435897            1.166667            141.567583          
1.525641            1.166667            137.956667          
1.615385            1.166667            134.285920          
1.705128            1.166667            130.535466          
1.794872            1.166667            126.683371          
1.884615            1.166667            122.705613          
1.974359            1.166667            118.576076          
2.064103            1.166667            114.266578          
2.153846            1.166667            109.746975          
2.243590            1.166667            104.985366          
2.333333            1.166667            99.948463           
2.423077            1.166667            94.602179           
2.512821            1.166667            88.912526           
2.602564            1.166667            82.846893           
2.692308            1.166667            76.375809           
2.782051            1.166667            69.475214           
2.871795            1.166667            62.129264           
2.961538            1.166667            54.333534           
3.051282            1.166667            46.098353           
3.141026            1.166667            37.451817           
3.230769            1.166667            28.441833           
3.320513            1.166667            19.136524           
3.410256            1.166667            9.622386            
3.500000            1.166667            0.000000            
0.000000            1.256410            200.000000          
0.089744            1.256410            196.623886          
0.179487            1.256410            191.761820          
0.269231            1.256410            187.663660          
0.358974            1.256410            183.593195          
0.448718            1.256410            179.555743          
0.538462            1.256410            175.556458          
0.628205            1.256410            171.598767          
0.717949            1.256410            167.684252          
0.807692            1.256410            163.812585          
0.897436            1.256410            159.981487          
0.987179            1.256410            156.186716          
1.076923            1.256410            152.422062          
1.166667            1.256410            148.679362          
1.256410            1.256410            144.948516          
1.346154            1.256410            141.217513          
1.435897            1.256410            137.472457          
1.525641            1.256410            133.697592          
1.615385            1.256410            129.875333          
1.705128            1.256410            125.986290          
1.794872            1.256410            122.009305          
1.884615            1.256410            117.921502          
1.974359            1.256410            113.698361          
2.064103            1.256410            109.313846          
2.153846            1.256410            104.740595          
2.243590            1.256410            99.950226           
2.333333            1.256410            94.913778           
2.423077            1.256410            89.602355           
2.512821            1.256410            83.988007           
2.602564            1.256410            78.044912           
2.692308            1.256410            71.750892           
2.782051            1.256410            65.089263           
2.871795            1.256410            58.050981           
2.961538            1.256410            50.636949           
3.051282            1.256410            42.860262           
3.141026            1.256410            34.748051           
3.230769            1.256410            26.342530           
3.320513            1.256410            17.700808           
3.410256            1.256410            8.893211            
3.500000            1.256410            0.000000            
0.000000            1.346154            200.000000          
0.089744            1.346154            196.305444          
0.179487            1.346154            191.126831          
0.269231            1.346154            186.715899          
0.358974            1.346154            182.338270          
0.448718            1.346154            178.001006          
0.538462            1.346154            173.710861          
0.628205            1.346154            169.472672          
0.717949            1.346154            165.289195          
0.807692            1.346154            161.161023          
0.897436            1.346154            157.086548          
0.987179            1.346154            153.061964          
1.076923            1.346154            149.081310          
1.166667            1.346154            145.136523          
1.256410            1.346154            141.217513          
1.346154            1.346154            137.312247          
1.435897            1.346154            133.406834          
1.525641            1.346154            129.485611          
1.615385            1.346154            125.531234          
1.705128            1.346154            121.524767          
1.794872            1.346154            117.445782          
1.884615            1.346154            113.272472          
1.974359            1.346154            108.981798          
2.064103            1.346154            104.549674          
2.153846            1.346154            99.951232           
2.243590            1.346154            95.161167           
2.333333            1.346154            90.154219           
2.423077            1.346154            84.905802           
2.512821            1.346154            79.392831           
2.602564            1.346154            73.594762           
2.692308            1.346154            67.494851           
2.782051            1.346154            61.081624           
2.871795            1.346154            54.350491           
2.961538            1.346154            47.305382           
3.051282            1.346154            39.960240           
3.141026            1.346154            32.340125           
3.230769            1.346154            24.481672           
3.320513            1.346154            16.432664           
3.410256            1.346154            8.250562            
3.500000            1.346154            0.000000            
0.000000            1.435897            200.000000          
0.089744            1.435897            195.975617          
0.179487            1.435897            190.469586          
0.269231            1.435897            185.735994          
0.358974            1.435897            181.042700          
0.448718            1.435897            176.398826          
0.538462            1.435897            171.812962          
0.628205            1.435897            167.291501          
0.717949            1.435897            162.838465          
0.807692            1.435897            158.455398          
0.897436            1.435897            154.141356          
0.987179            1.435897            149.892933          
1.076923            1.435897            145.704354          
1.166667            1.435897            141.567583          
1.256410            1.435897            137.472457          
1.346154            1.435897            133.406834          
1.435897            1.435897            129.356740          
1.525641            1.435897            125.306518          
1.615385            1.435897            121.238976          
1.705128            1.435897            117.135533          
1.794872            1.435897            112.976378          
1.884615            1.435897            108.740633          
1.974359            1.435897            104.406549          
2.064103            1.435897            99.951745           
2.153846            1.435897            95.353494           
2.243590            1.435897            90.589100           
2.333333            1.435897            85.636373           
2.423077            1.435897            80.474219           
2.512821            1.435897            75.083383           
2.602564            1.435897            69.447329           
2.692308            1.435897            63.553271           
2.782051            1.435897            57.393317           
2.871795            1.435897            50.965656           
2.961538            1.435897            44.275719           
3.051282            1.435897            37.337145           
3.141026            1.435897            30.172423           
3.230769            1.435897            22.813013           
3.320513            1.435897            15.298835           
3.410256            1.435897            7.677024            
3.500000            1.435897            0.000000            
0.000000            1.525641            200.000000          
0.089744            1.525641            195.631988          
0.179487            1.525641            189.785306          
0.269231            1.525641            184.716920          
0.358974            1.525641            179.697389          
0.448718            1.525641            174.738269          
0.538462            1.525641            169.850259          
0.628205            1.525641            165.041493          
0.717949            1.525641            160.317347          
0.807692            1.525641            155.680339          
0.897436            1.525641            151.130147          
0.987179            1.525641            146.663681          
1.076923            1.525641            142.275237          
1.166667            1.525641            137.956667          
1.256410            1.525641            133.697592          
1.346154            1.525641            129.485611          
1.435897            1.525641            125.306518          
1.525641            1.525641            121.144515          
1.615385            1.525641            116.982412          
1.705128            1.525641            112.801834          
1.794872            1.525641            108.583418          
1.884615            1.525641            104.307023          
1.974359            1.525641            99.951963           
2.064103            1.525641            95.497265           
2.153846            1.525641            90.921978           
2.243590            1.525641            86.205546           
2.333333            1.525641            81.328254           
2.423077            1.525641            76.271768           
2.512821            1.525641            71.019773           
2.602564            1.525641            65.558712           
2.692308            1.525641            59.878605           
2.782051            1.525641            53.973926           
2.871795            1.525641            47.844475           
2.961538            1.525641            41.496180           
3.051282            1.525641            34.941714           
3.141026            1.525641            28.200839           
3.230769            1.525641            21.300346           
3.320513            1.525641            14.273535           
3.410256            1.525641            7.159175            
3.500000            1.525641            0.000000            
0.000000            1.615385            200.000000          
0.089744            1.615385            195.271566          
0.179487            1.615385            189.068102          
0.269231            1.615385            183.650078          
0.358974            1.615385            178.291292          
0.448718            1.615385            173.006173          
0.538462            1.615385            167.807847          
0.628205            1.615385            162.706389          
0.717949            1.615385            157.708613          
0.807692            1.615385            152.818004          
0.897436            1.615385            148.034772          
0.987179            1.615385            143.356002          
1.076923            1.615385            138.775872          
1.166667            1.615385            134.285920          
1.256410            1.615385            129.875333          
1.346154            1.615385            125.531234          
1.435897            1.615385            121.238976          
1.525641            1.615385            116.982412          
1.615385            1.615385            112.744159          
1.705128            1.615385            108.505843          
1.794872            1.615385            104.248343          
1.884615            1.615385            99.952030           
1.974359            1.615385            95.597017           
2.064103            1.615385            91.163436           
2.153846            1.615385            86.631746           
2.243590            1.615385            81.983081           
2.333333            1.615385            77.199664           
2.423077            1.615385            72.265282           
2.512821            1.615385            67.165824           
2.602564            1.615385            61.889883           
2.692308            1.615385            56.429401           
2.782051            1.615385            50.780332           
2.871795            1.615385            44.943273           
2.961538            1.615385            38.924004           
3.051282            1.615385            32.733878           
3.141026            1.615385            26.389970           
3.230769            1.615385            19.914922           
3.320513            1.615385            13.336453           
3.410256            1.615385            6.686494            
3.500000            1.615385            0.000000            
0.000000            1.705128            200.000000          
0.089744            1.705128            194.890687          
0.179487            1.705128            188.310786          
0.269231            1.705128            182.525020          
0.358974            1.705128            176.811077          
0.448718            1.705128            171.186772          
0.538462            1.705128            165.668019          
0.628205            1.705128            160.267043          
0.717949            1.705128            154.992163          
0.807692            1.705128            149.847769          
0.897436            1.705128            144.834452          
0.987179            1.705128            139.949241          
1.076923            1.705128            135.185935          
1.166667            1.705128            130.535466          
1.256410            1.705128            125.986290          
1.346154            1.705128            121.524767          
1.435897            1.705128            117.135533          
1.525641            1.705128            112.801834          
1.615385            1.705128            108.505843          
1.705128            1.705128            104.228952          
1.794872            1.705128            99.952039           
1.884615            1.705128            95.655737           
1.974359            1.705128            91.320691           
2.064103            1.705128            86.927830           
2.153846            1.705128            82.458668           
2.243590            1.705128            77.895624           
2.333333            1.705128            73.222387           
2.423077            1.705128            68.424322           
2.512821            1.705128            63.488917           
2.602564            1.705128            58.406264           
2.692308            1.705128            53.169560           
2.782051            1.705128            47.775598           
2.871795            1.705128            42.225213           
2.961538            1.705128            36.523646           
3.051282            1.705128            30.680764           
3.141026            1.705128            24.711095           
3.230769            1.705128            18.633632           
3.320513            1.705128            12.471374           
3.410256            1.705128            6.250617            
3.500000            1.705128            0.000000            
0.000000            1.794872            200.000000          
0.089744            1.794872            194.484875          
0.179487            1.794872            187.504601          
0.269231            1.794872            181.329079          
0.358974            1.794872            175.240673          
0.448718            1.794872            169.261196          
0.538462            1.794872            163.409760          
0.628205            1.794872            157.700943          
0.717949            1.794872            152.144589          
0.807692            1.794872            146.745863          
0.897436            1.794872            141.505484          
0.987179            1.794872            136.420098          
1.076923            1.794872            131.482749          
1.166667            1.794872            126.683371          
1.256410            1.794872            122.009305          
1.346154            1.794872            117.445782          
1.435897            1.794872            112.976378          
1.525641            1.794872            108.583418          
1.615385            1.794872            104.248343          
1.705128            1.794872            99.952039           
1.794872            1.794872            95.675127           
1.884615            1.794872            91.398238           
1.974359            1.794872            87.102274           
2.064103            1.794872            82.768675           
2.153846            1.794872            78.379683           
2.243590            1.794872            73.918640           
2.333333            1.794872            69.370292           
2.423077            1.794872            64.721136           
2.512821            1.794872            59.959774           
2.602564            1.794872            55.077296           
2.692308            1.794872            50.067654           
2.782051            1.794872            44.928024           
2.871795            1.794872            39.659113           
2.961538            1.794872            34.265387           
3.051282            1.794872            28.755188           
3.141026            1.794872            23.140691           
3.230769            1.794872            17.437690           
3.320513            1.794872            11.665189           
3.410256            1.794872            5.844805            
3.500000            1.794872            0.000000            
0.000000            1.884615            200.000000          
0.089744            1.884615            194.048646          
0.179487            1.884615            186.638848          
0.269231            1.884615            180.046845          
0.358974            1.884615            173.560654          
0.448718            1.884615            167.206814          
0.538462            1.884615            161.008089          
0.628205            1.884615            154.981592          
0.717949            1.884615            149.138643          
0.807692            1.884615            143.484931          
0.897436            1.884615            138.020919          
0.987179            1.884615            132.742403          
1.076923            1.884615            127.641158          
1.166667            1.884615            122.705613          
1.256410            1.884615            117.921502          
1.346154            1.884615            113.272472          
1.435897            1.884615            108.740633          
1.525641            1.884615            104.307023          
1.615385            1.884615            99.952030           
1.705128            1.884615            95.655737           
1.794872            1.884615            91.398238           
1.884615            1.884615            87.159900           
1.974359            1.884615            82.921628           
2.064103            1.884615            78.665093           
2.153846            1.884615            74.372984           
2.243590            1.884615            70.029249           
2.333333            1.884615            65.619357           
2.423077            1.884615            61.130569           
2.512821            1.884615            56.552225           
2.602564            1.884615            51.876029           
2.692308            1.884615            47.096328           
2.782051            1.884615            42.210363           
2.871795            1.884615            37.218476           
2.961538            1.884615            32.124246           
3.051282            1.884615            26.934519           
3.141026            1.884615            21.659332           
3.230769            1.884615            16.311689           
3.320513            1.884615            10.907200           
3.410256            1.884615            5.463574            
3.500000            1.884615            0.000000            
0.000000            1.974359            200.000000          
0.089744            1.974359            193.575235          
0.179487            1.974359            185.700366          
0.269231            1.974359            178.659462          
0.358974            1.974359            171.747417          
0.448718            1.974359            164.996364          
0.538462            1.974359            158.433215          
0.628205            1.974359            152.077751          
0.717949            1.974359            145.942584          
0.807692            1.974359            140.033518          
0.897436            1.974359            134.350187          
0.987179            1.974359            128.886878          
1.076923            1.974359            123.633421          
1.166667            1.974359            118.576076          
1.256410            1.974359            113.698361          
1.346154            1.974359            108.981798          
1.435897            1.974359            104.406549          
1.525641            1.974359            99.951963           
1.615385            1.974359            95.597017           
1.705128            1.974359            91.320691           
1.794872            1.974359            87.102274           
1.884615            1.974359            82.921628           
1.974359            1.974359            78.759411           
2.064103            1.974359            74.597296           
2.153846            1.974359            70.418165           
2.243590            1.974359            66.206315           
2.333333            1.974359            61.947663           
2.423077            1.974359            57.629952           
2.512821            1.974359            53.242969           
2.602564            1.974359            48.778752           
2.692308            1.974359            44.231783           
2.782051            1.974359            39.599163           
2.871795            1.974359            34.880733           
2.961538            1.974359            30.079136           
3.051282            1.974359            25.199809           
3.141026            1.974359            20.250866           
3.230769            1.974359            15.242888           
3.320513            1.974359            10.188594           
3.410256            1.974359            5.102421            
3.500000            1.974359            0.000000            
0.000000            2.064103            200.000000          
0.089744            2.064103            193.056212          
0.179487            2.064103            184.672822          
0.269231            2.064103            177.143670          
0.358974            2.064103            169.772073          
0.448718            2.064103            162.596810          
0.538462            2.064103            155.649450          
0.628205            2.064103            148.952468          
0.717949            2.064103            142.519393          
0.807692            2.064103            136.355476          
0.897436            2.064103            130.458689          
0.987179            2.064103            124.820908          
1.076923            2.064103            119.429119          
1.166667            2.064103            114.266578          
1.256410            2.064103            109.313846          
1.346154            2.064103            104.549674          
1.435897            2.064103            99.951745           
1.525641            2.064103            95.497265           
1.615385            2.064103            91.163436           
1.705128            2.064103            86.927830           
1.794872            2.064103            82.768675           
1.884615            2.064103            78.665093           
1.974359            2.064103            74.597296           
2.064103            2.064103            70.546750           
2.153846            2.064103            66.496334           
2.243590            2.064103            62.430489           
2.333333            2.064103            58.335368           
2.423077            2.064103            54.198983           
2.512821            2.064103            50.011357           
2.602564            2.064103            45.764663           
2.692308            2.064103            41.453349           
2.782051            2.064103            37.074245           
2.871795            2.064103            32.626622           
2.961538            2.064103            28.112207           
3.051282            2.064103            23.535129           
3.141026            2.064103            18.901796           
3.230769            2.064103            14.220689           
3.320513            2.064103            9.502071            
3.410256            2.064103            4.757620            
3.500000            2.064103            0.000000            
0.000000            2.153846            200.000000          
0.089744            2.153846            192.480953          
0.179487            2.153846            183.535712          
0.269231            2.153846            175.470467          
0.358974            2.153846            167.598945          
0.448718            2.153846            159.967816          
0.538462            2.153846            152.613801          
0.628205            2.153846            145.561888          
0.717949            2.153846            138.825827          
0.807692            2.153846            132.409285          
0.897436            2.153846            126.307375          
0.987179            2.153846            120.508327          
1.076923            2.153846            114.995123          
1.166667            2.153846            109.746975          
1.256410            2.153846            104.740595          
1.346154            2.153846            99.951232           
1.435897            2.153846            95.353494           
1.525641            2.153846            90.921978           
1.615385            2.153846            86.631746           
1.705128            2.153846            82.458668           
1.794872            2.153846            78.379683           
1.884615            2.153846            74.372984           
1.974359            2.153846            70.418165           
2.064103            2.153846            66.496334           
2.153846            2.153846            62.590216           
2.243590            2.153846            58.684249           
2.333333            2.153846            54.764671           
2.423077            2.153846            50.819614           
2.512821            2.153846            46.839194           
2.602564            2.153846            42.815590           
2.692308            2.153846            38.743113           
2.782051            2.153846            34.618256           
2.871795            2.153846            30.439707           
2.961538            2.153846            26.208322           
3.051282            2.153846            21.927050           
3.141026            2.153846            17.600800           
3.230769            2.153846            13.236241           
3.320513            2.153846            8.841545            
3.410256            2.153846            4.426072            
3.500000            2.153846            0.000000            
0.000000            2.243590            200.000000          
0.089744            2.243590            191.835868          
0.179487            2.243590            182.262947          
0.269231            2.243590            173.603257          
0.358974            2.243590            165.183508          
0.448718            2.243590            157.059727          
0.538462            2.243590            149.274161          
0.628205            2.243590            141.853764          
0.717949            2.243590            134.811313          
0.807692            2.243590            128.147318          
0.897436            2.243590            121.852329          
0.987179            2.243590            115.909281          
1.076923            2.243590            110.295660          
1.166667            2.243590            104.985366          
1.256410            2.243590            99.950226           
1.346154            2.243590            95.161167           
1.435897            2.243590            90.589100           
1.525641            2.243590            86.205546           
1.615385            2.243590            81.983081           
1.705128            2.243590            77.895624           
1.794872            2.243590            73.918640           
1.884615            2.243590            70.029249           
1.974359            2.243590            66.206315           
2.064103            2.243590            62.430489           
2.153846            2.243590            58.684249           
2.243590            2.243590            54.951935           
2.333333            2.243590            51.219783           
2.423077            2.243590            47.475953           
2.512821            2.243590            43.710572           
2.602564            2.243590            39.915753           
2.692308            2.243590            36.085625           
2.782051            2.243590            32.216324           
2.871795            2.243590            28.305978           
2.961538            2.243590            24.354652           
3.051282            2.243590            20.364246           
3.141026            2.243590            16.338364           
3.230769            2.243590            12.282127           
3.320513            2.243590            8.201935            
3.410256            2.243590            4.105193            
3.500000            2.243590            0.000000            
0.000000            2.333333            200.000000          
0.089744            2.333333            191.103282          
0.179487            2.333333            180.820801          
0.269231            2.333333            171.495202          
0.358974            2.333333            162.469531          
0.448718            2.333333            153.810840          
0.538462            2.333333            145.566965          
0.628205            2.333333            137.765642          
0.717949            2.333333            130.416681          
0.807692            2.333333            123.515081          
0.897436            2.333333            117.044442          
0.987179            2.333333            110.980219          
1.076923            2.333333            105.292534          
1.166667            2.333333            99.948463           
1.256410            2.333333            94.913778           
1.346154            2.333333            90.154219           
1.435897            2.333333            85.636373           
1.525641            2.333333            81.328254           
1.615385            2.333333            77.199664           
1.705128            2.333333            73.222387           
1.794872            2.333333            69.370292           
1.884615            2.333333            65.619357           
1.974359            2.333333            61.947663           
2.064103            2.333333            58.335368           
2.153846            2.333333            54.764671           
2.243590            2.333333            51.219783           
2.333333            2.333333            47.686899           
2.423077            2.333333            44.154177           
2.512821            2.333333            40.611721           
2.602564            2.333333            37.051563           
2.692308            2.333333            33.467641           
2.782051            2.333333            29.855758           
2.871795            2.333333            26.213539           
2.961538            2.333333            22.540345           
3.051282            2.333333            18.837170           
3.141026            2.333333            15.106500           
3.230769            2.333333            11.352138           
3.320513            2.333333            7.578990            
3.410256            2.333333            3.792824            
3.500000            2.333333            0.000000            
0.000000            2.423077            200.000000          
0.089744            2.423077            190.259753          
0.179487            2.423077            179.164884          
0.269231            2.423077            169.085399          
0.358974            2.423077            159.385078          
0.448718            2.423077            150.143741          
0.538462            2.423077            141.414202          
0.628205            2.423077            133.222681          
0.717949            2.423077            125.572795          
0.807692            2.423077            118.450536          
0.897436            2.423077            111.829268          
0.987179            2.423077            105.674125          
1.076923            2.423077            99.945590           
1.166667            2.423077            94.602179           
1.256410            2.423077            89.602355           
1.346154            2.423077            84.905802           
1.435897            2.423077            80.474219           
1.525641            2.423077            76.271768           
1.615385            2.423077            72.265282           
1.705128            2.423077            68.424322           
1.794872            2.423077            64.721136           
1.884615            2.423077            61.130569           
1.974359            2.423077            57.629952           
2.064103            2.423077            54.198983           
2.153846            2.423077            50.819614           
2.243590            2.423077            47.475953           
2.333333            2.423077            44.154177           
2.423077            2.423077            40.842455           
2.512821            2.423077            37.530890           
2.602564            2.423077            34.211451           
2.692308            2.423077            30.877919           
2.782051            2.423077            27.525821           
2.871795            2.423077            24.152348           
2.961538            2.423077            20.756269           
3.051282            2.423077            17.337810           
3.141026            2.423077            13.898513           
3.230769            2.423077            10.441078           
3.320513            2.423077            6.969161            
3.410256            2.423077            3.487165            
3.500000            2.423077            0.000000            
0.000000            2.512821            200.000000          
0.089744            2.512821            189.273478          
0.179487            2.512821            177.235546          
0.269231            2.512821            166.293243          
0.358974            2.512821            155.836816          
0.448718            2.512821            145.960347          
0.538462            2.512821            136.719631          
0.628205            2.512821            128.135151          
0.717949            2.512821            120.199192          
0.807692            2.512821            112.883657          
0.897436            2.512821            106.147216          
0.987179            2.512821            99.941118           
1.076923            2.512821            94.213531           
1.166667            2.512821            88.912526           
1.256410            2.512821            83.988007           
1.346154            2.512821            79.392831           
1.435897            2.512821            75.083383           
1.525641            2.512821            71.019773           
1.615385            2.512821            67.165824           
1.705128            2.512821            63.488917           
1.794872            2.512821            59.959774           
1.884615            2.512821            56.552225           
1.974359            2.512821            53.242969           
2.064103            2.512821            50.011357           
2.153846            2.512821            46.839194           
2.243590            2.512821            43.710572           
2.333333            2.512821            40.611721           
2.423077            2.512821            37.530890           
2.512821            2.512821            34.458234           
2.602564            2.512821            31.385722           
2.692308            2.512821            28.307044           
2.782051            2.512821            25.217520           
2.871795            2.512821            22.114008           
2.961538            2.512821            18.994795           
3.051282            2.512821            15.859478           
3.141026            2.512821            12.708826           
3.230769            2.512821            9.544624            
3.320513            2.512821            6.369496            
3.410256            2.512821            3.186717            
3.500000            2.512821            0.000000            
0.000000            2.602564            200.000000          
0.089744            2.602564            188.100163          
0.179487            2.602564            174.950700          
0.269231            2.602564            163.009908          
0.358974            2.602564            151.701845          
0.448718            2.602564            141.135241          
0.538462            2.602564            131.364107          
0.628205            2.602564            122.395724          
0.717949            2.602564            114.203000          
0.807692            2.602564            106.736491          
0.897436            2.602564            99.934342           
0.987179            2.602564            93.729617           
1.076923            2.602564            88.055215           
1.166667            2.602564            82.846893           
1.256410            2.602564            78.044912           
1.346154            2.602564            73.594762           
1.435897            2.602564            69.447329           
1.525641            2.602564            65.558712           
1.615385            2.602564            61.889883           
1.705128            2.602564            58.406264           
1.794872            2.602564            55.077296           
1.884615            2.602564            51.876029           
1.974359            2.602564            48.778752           
2.064103            2.602564            45.764663           
2.153846            2.602564            42.815590           
2.243590            2.602564            39.915753           
2.333333            2.602564            37.051563           
2.423077            2.602564            34.211451           
2.512821            2.602564            31.385722           
2.602564            2.602564            28.566432           
2.692308            2.602564            25.747269           
2.782051            2.602564            22.923445           
2.871795            2.602564            20.091587           
2.961538            2.602564            17.249621           
3.051282            2.602564            14.396652           
3.141026            2.602564            11.532831           
3.230769            2.602564            8.659204            
3.320513            2.602564            5.777557            
3.410256            2.602564            2.890244            
3.500000            2.602564            0.000000            
0.000000            2.692308            200.000000          
0.089744            2.692308            186.676159          
0.179487            2.692308            172.194236          
0.269231            2.692308            159.085222          
0.358974            2.692308            146.815860          
0.448718            2.692308            135.506800          
0.538462            2.692308            125.200118          
0.628205            2.692308            115.876979          
0.717949            2.692308            107.478600          
0.807692            2.692308            99.924184           
0.897436            2.692308            93.124073           
0.987179            2.692308            86.988306           
1.076923            2.692308            81.431595           
1.166667            2.692308            76.375809           
1.256410            2.692308            71.750892           
1.346154            2.692308            67.494851           
1.435897            2.692308            63.553271           
1.525641            2.692308            59.878605           
1.615385            2.692308            56.429401           
1.705128            2.692308            53.169560           
1.794872            2.692308            50.067654           
1.884615            2.692308            47.096328           
1.974359            2.692308            44.231783           
2.064103            2.692308            41.453349           
2.153846            2.692308            38.743113           
2.243590            2.692308            36.085625           
2.333333            2.692308            33.467641           
2.423077            2.692308            30.877919           
2.512821            2.692308            28.307044           
2.602564            2.692308            25.747269           
2.692308            2.692308            23.192392           
2.782051            2.692308            20.637622           
2.871795            2.692308            18.079470           
2.961538            2.692308            15.515624           
3.051282            2.692308            12.944830           
3.141026            2.692308            10.366764           
3.230769            2.692308            7.781898            
3.320513            2.692308            5.191349            
3.410256            2.692308            2.596734            
3.500000            2.692308            0.000000            
0.000000            2.782051            200.000000          
0.089744            2.782051            184.906536          
0.179487            2.782051            168.796592          
0.269231            2.782051            154.306909          
0.358974            2.782051            140.955974          
0.448718            2.782051            128.865796          
0.538462            2.782051            118.046030          
0.628205            2.782051            108.429949          
0.717949            2.782051            99.908889           
0.807692            2.782051            92.357622           
0.897436            2.782051            85.650305           
0.987179            2.782051            79.669175           
1.076923            2.782051            74.308418           
1.166667            2.782051            69.475214           
1.256410            2.782051            65.089263           
1.346154            2.782051            61.081624           
1.435897            2.782051            57.393317           
1.525641            2.782051            53.973926           
1.615385            2.782051            50.780332           
1.705128            2.782051            47.775598           
1.794872            2.782051            44.928024           
1.884615            2.782051            42.210363           
1.974359            2.782051            39.599163           
2.064103            2.782051            37.074245           
2.153846            2.782051            34.618256           
2.243590            2.782051            32.216324           
2.333333            2.782051            29.855758           
2.423077            2.782051            27.525821           
2.512821            2.782051            25.217520           
2.602564            2.782051            22.923445           
2.692308            2.782051            20.637622           
2.782051            2.782051            18.355379           
2.871795            2.782051            16.073224           
2.961538            2.782051            13.788729           
3.051282            2.782051            11.500410           
3.141026            2.782051            9.207607            
3.230769            2.782051            6.910356            
3.320513            2.782051            4.609265            
3.410256            2.782051            2.305370            
3.500000            2.782051            0.000000            
0.000000            2.871795            200.000000          
0.089744            2.871795            182.643138          
0.179487            2.871795            164.500740          
0.269231            2.871795            148.367109          
0.358974            2.871795            133.816086          
0.448718            2.871795            120.941776          
0.538462            2.871795            109.681551          
0.628205            2.871795            99.885407           
0.717949            2.871795            91.369488           
0.807692            2.871795            83.948584           
0.897436            2.871795            77.452419           
0.987179            2.871795            71.731875           
1.076923            2.871795            66.659794           
1.166667            2.871795            62.129264           
1.256410            2.871795            58.050981           
1.346154            2.871795            54.350491           
1.435897            2.871795            50.965656           
1.525641            2.871795            47.844475           
1.615385            2.871795            44.943273           
1.705128            2.871795            42.225213           
1.794872            2.871795            39.659113           
1.884615            2.871795            37.218476           
1.974359            2.871795            34.880733           
2.064103            2.871795            32.626622           
2.153846            2.871795            30.439707           
2.243590            2.871795            28.305978           
2.333333            2.871795            26.213539           
2.423077            2.871795            24.152348           
2.512821            2.871795            22.114008           
2.602564            2.871795            20.091587           
2.692308            2.871795            18.079470           
2.782051            2.871795            16.073224           
2.871795            2.871795            14.069476           
2.961538            2.871795            12.065797           
3.051282            2.871795            10.060593           
3.141026            2.871795            8.052991            
3.230769            2.871795            6.042728            
3.320513            2.871795            4.030032            
3.410256            2.871795            2.015505            
3.500000            2.871795            0.000000            
0.000000            2.961538            200.000000          
0.089744            2.961538            179.641277          
0.179487            2.961538            158.899632          
0.269231            2.961538            140.807576          
0.358974            2.961538            124.973101          
0.448718            2.961538            111.389686          
0.538462            2.961538            99.847972           
0.628205            2.961538            90.060863           
0.717949            2.961538            81.737833           
0.807692            2.961538            74.618475           
0.897436            2.961538            68.482636           
0.987179            2.961538            63.149508           
1.076923            2.961538            58.472555           
1.166667            2.961538            54.333534           
1.256410            2.961538            50.636949           
1.346154            2.961538            47.305382           
1.435897            2.961538            44.275719           
1.525641            2.961538            41.496180           
1.615385            2.961538            38.924004           
1.705128            2.961538            36.523646           
1.794872            2.961538            34.265387           
1.884615            2.961538            32.124246           
1.974359            2.961538            30.079136           
2.064103            2.961538            28.112207           
2.153846            2.961538            26.208322           
2.243590            2.961538            24.354652           
2.333333            2.961538            22.540345           
2.423077            2.961538            20.756269           
2.512821            2.961538            18.994795           
2.602564            2.961538            17.249621           
2.692308            2.961538            15.515624           
2.782051            2.961538            13.788729           
2.871795            2.961538            12.065797           
2.961538            2.961538            10.344509           
3.051282            2.961538            8.623274            
3.141026            2.961538            6.901119            
3.230769            2.961538            5.177595            
3.320513            2.961538            3.452672            
3.410256            2.961538            1.726640            
3.500000            2.961538            0.000000            
0.000000            3.051282            200.000000          
0.089744            3.051282            175.466446          
0.179487            3.051282            151.315041          
0.269231            3.051282            130.930663          
0.358974            3.051282            113.846180          
0.448718            3.051282            99.784552           
0.538462            3.051282            88.260357           
0.628205            3.051282            78.777879           
0.717949            3.051282            70.909491           
0.807692            3.051282            64.311505           
0.897436            3.051282            58.715871           
0.987179            3.051282            53.915664           
1.076923            3.051282            49.751150           
1.166667            3.051282            46.098353           
1.256410            3.051282            42.860262           
1.346154            3.051282            39.960240           
1.435897            3.051282            37.337145           
1.525641            3.051282            34.941714           
1.615385            3.051282            32.733878           
1.705128            3.051282            30.680764           
1.794872            3.051282            28.755188           
1.884615            3.051282            26.934519           
1.974359            3.051282            25.199809           
2.064103            3.051282            23.535129           
2.153846            3.051282            21.927050           
2.243590            3.051282            20.364246           
2.333333            3.051282            18.837170           
2.423077            3.051282            17.337810           
2.512821            3.051282            15.859478           
2.602564            3.051282            14.396652           
2.692308            3.051282            12.944830           
2.782051            3.051282            11.500410           
2.871795            3.051282            10.060593           
2.961538            3.051282            8.623274            
3.051282            3.051282            7.186962            
3.141026            3.051282            5.750686            
3.230769            3.051282            4.313913            
3.320513            3.051282            2.876458            
3.410256            3.051282            1.438401            
3.500000            3.051282            0.000000            
0.000000            3.141026            200.000000          
0.089744            3.141026            169.269330          
0.179487            3.141026            140.551237          
0.269231            3.141026            117.664275          
0.358974            3.141026            99.666363           
0.448718            3.141026            85.643681           
0.538462            3.141026            74.643966           
0.628205            3.141026            65.895361           
0.717949            3.141026            58.823476           
0.807692            3.141026            53.012333           
0.897436            3.141026            48.161464           
0.987179            3.141026            44.052013           
1.076923            3.141026            40.522461           
1.166667            3.141026            37.451817           
1.256410            3.141026            34.748051           
1.346154            3.141026            32.340125           
1.435897            3.141026            30.172423           
1.525641            3.141026            28.200839           
1.615385            3.141026            26.389970           
1.705128            3.141026            24.711095           
1.794872            3.141026            23.140691           
1.884615            3.141026            21.659332           
1.974359            3.141026            20.250866           
2.064103            3.141026            18.901796           
2.153846            3.141026            17.600800           
2.243590            3.141026            16.338364           
2.333333            3.141026            15.106500           
2.423077            3.141026            13.898513           
2.512821            3.141026            12.708826           
2.602564            3.141026            11.532831           
2.692308            3.141026            10.366764           
2.782051            3.141026            9.207607            
2.871795            3.141026            8.052991            
2.961538            3.141026            6.901119            
3.051282            3.141026            5.750686            
3.141026            3.141026            4.600809            
3.230769            3.141026            3.450956            
3.320513            3.141026            2.300874            
3.410256            3.141026            1.150522            
3.500000            3.141026            0.000000            
0.000000            3.230769            200.000000          
0.089744            3.230769            159.156108          
0.179487            3.230769            124.386873          
0.269231            3.230769            99.409456           
0.358974            3.230769            81.517776           
0.448718            3.230769            68.514731           
0.538462            3.230769            58.810481           
0.628205            3.230769            51.362471           
0.717949            3.230769            45.495673           
0.807692            3.230769            40.766214           
0.897436            3.230769            36.874991           
0.987179            3.230769            33.615073           
1.076923            3.230769            30.839596           
1.166667            3.230769            28.441833           
1.256410            3.230769            26.342530           
1.346154            3.230769            24.481672           
1.435897            3.230769            22.813013           
1.525641            3.230769            21.300346           
1.615385            3.230769            19.914922           
1.705128            3.230769            18.633632           
1.794872            3.230769            17.437690           
1.884615            3.230769            16.311689           
1.974359            3.230769            15.242888           
2.064103            3.230769            14.220689           
2.153846            3.230769            13.236241           
2.243590            3.230769            12.282127           
2.333333            3.230769            11.352138           
2.423077            3.230769            10.441078           
2.512821            3.230769            9.544624            
2.602564            3.230769            8.659204            
2.692308            3.230769            7.781898            
2.782051            3.230769            6.910356            
2.871795            3.230769            6.042728            
2.961538            3.230769            5.177595            
3.051282            3.230769            4.313913            
3.141026            3.230769            3.450956            
3.230769            3.230769            2.588263            
3.320513            3.230769            1.725584            
3.410256            3.230769            0.862825            
3.500000            3.230769            0.000000            
0.000000            3.320513            200.000000          
0.089744            3.320513            140.056479          
0.179487            3.320513            98.675544           
0.269231            3.320513            74.106347           
0.358974            3.320513            58.599206           
0.448718            3.320513            48.179066           
0.538462            3.320513            40.780311           
0.628205            3.320513            35.285464           
0.717949            3.320513            31.053749           
0.807692            3.320513            27.696677           
0.897436            3.320513            24.966904           
0.987179            3.320513            22.700187           
1.076923            3.320513            20.783479           
1.166667            3.320513            19.136524           
1.256410            3.320513            17.700808           
1.346154            3.320513            16.432664           
1.435897            3.320513            15.298835           
1.525641            3.320513            14.273535           
1.615385            3.320513            13.336453           
1.705128            3.320513            12.471374           
1.794872            3.320513            11.665189           
1.884615            3.320513            10.907200           
1.974359            3.320513            10.188594           
2.064103            3.320513            9.502071            
2.153846            3.320513            8.841545            
2.243590            3.320513            8.201935            
2.333333            3.320513            7.578990            
2.423077            3.320513            6.969161            
2.512821            3.320513            6.369496            
2.602564            3.320513            5.777557            
2.692308            3.320513            5.191349            
2.782051            3.320513            4.609265            
2.871795            3.320513            4.030032            
2.961538            3.320513            3.452672            
3.051282            3.320513            2.876458            
3.141026            3.320513            2.300874            
3.230769            3.320513            1.725584            
3.320513            3.320513            1.150390            
3.410256            3.320513            0.575202            
3.500000            3.320513            0.000000            
0.000000            3.410256            200.000000          
0.089744            3.410256            95.492836           
0.179487            3.410256            57.295131           
0.269231            3.410256            40.317307           
0.358974            3.410256            30.890375           
0.448718            3.410256            24.966657           
0.538462            3.410256            20.919506           
0.628205            3.410256            17.984564           
0.717949            3.410256            15.759373           
0.807692            3.410256            14.013030           
0.897436            3.410256            12.603944           
0.987179            3.410256            11.440570           
1.076923            3.410256            10.461122           
1.166667            3.410256            9.622386            
1.256410            3.410256            8.893211            
1.346154            3.410256            8.250562            
1.435897            3.410256            7.677024            
1.525641            3.410256            7.159175            
1.615385            3.410256            6.686494            
1.705128            3.410256            6.250617            
1.794872            3.410256            5.844805            
1.884615            3.410256            5.463574            
1.974359            3.410256            5.102421            
2.064103            3.410256            4.757620            
2.153846            3.410256            4.426072            
2.243590            3.410256            4.105193            
2.333333            3.410256            3.792824            
2.423077            3.410256            3.487165            
2.512821            3.410256            3.186717            
2.602564            3.410256            2.890244            
2.692308            3.410256            2.596734            
2.782051            3.410256            2.305370            
2.871795            3.410256            2.015505            
2.961538            3.410256            1.726640            
3.051282            3.410256            1.438401            
3.141026            3.410256            1.150522            
3.230769            3.410256            0.862825            
3.320513            3.410256            0.575202            
3.410256            3.410256            0.287600            
3.500000            3.410256            0.000000            
0.000000            3.500000            200.000000          
0.089744            3.500000            0.000000            
0.179487            3.500000            0.000000            
0.269231            3.500000            0.000000            
0.358974            3.500000            0.000000            
0.448718            3.500000            0.000000            
0.538462            3.500000            0.000000            
0.628205            3.500000            0.000000            
0.717949            3.500000            0.000000            
0.807692            3.500000            0.000000            
0.897436            3.500000            0.000000            
0.987179            3.500000            0.000000            
1.076923            3.500000            0.000000            
1.166667            3.500000            0.000000            
1.256410            3.500000            0.000000            
1.346154            3.500000            0.000000            
1.435897            3.500000            0.000000            
1.525641            3.500000            0.000000            
1.615385            3.500000            0.000000            
1.705128            3.500000            0.000000            
1.794872            3.500000            0.000000            
1.884615            3.500000            0.000000            
1.974359            3.500000            0.000000            
2.064103            3.500000            0.000000            
2.153846            3.500000            0.000000            
2.243590            3.500000            0.000000            
2.333333            3.500000            0.000000            
2.423077            3.500000            0.000000            
2.512821            3.500000            0.000000            
2.602564            3.500000            0.000000            
2.692308            3.500000            0.000000            
2.782051            3.500000            0.000000            
2.871795            3.500000            0.000000            
2.961538            3.500000            0.000000            
3.051282            3.500000            0.000000            
3.141026            3.500000            0.000000            
3.230769            3.500000            0.000000            
3.320513            3.500000            0.000000            
3.410256            3.500000            0.000000            
3.500000            3.500000            0.000000            
